'https://dblp.uni-trier.de/pid/73/3769.html'äö<!DOCTYPE html>

<html lang="en">
<head><meta charset="utf-8"/><title>dblp: Virgil Emil Cazanescu</title><link href="https://dblp.org" rel="home"/><link href="https://dblp.org/xml/osd.xml" rel="search" title="dblp search" type="application/opensearchdescription+xml"/><link href="https://dblp.uni-trier.de/img/dblp.icon.192x192.png" rel="apple-touch-icon" sizes="192x192" type="image/png"/><link href="https://dblp.uni-trier.de/img/dblp.icon.192x192.png" rel="icon" sizes="192x192" type="image/png"/><link href="https://dblp.uni-trier.de/img/dblp.icon.152x152.png" rel="icon" sizes="152x152" type="image/png"/><link href="https://dblp.uni-trier.de/img/dblp.icon.120x120.png" rel="icon" sizes="120x120" type="image/png"/><link href="https://dblp.uni-trier.de/img/favicon.ico" id="favicon" rel="shortcut icon" sizes="16x16 24x24 32x32 64x64" type="image/x-icon"><link href="https://dblp.uni-trier.de/css/dblp-2022-06-29.css" rel="stylesheet" type="text/css"><link href="https://dblp.uni-trier.de/css/open-sans.css" rel="stylesheet" type="text/css"><link href="https://dblp.org/pid/73/3769" rel="canonical"><link href="https://dblp.uni-trier.de/pid/73/3769.html" rel="alternate" title="person page HTML" type="text/html"/><link href="https://dblp.uni-trier.de/pid/73/3769.xml" rel="alternate" title="person page XML" type="application/xml"/><link href="https://dblp.uni-trier.de/pid/73/3769.rdf" rel="alternate" title="person page RDF/XML" type="application/rdf+xml"/><link href="https://dblp.uni-trier.de/pid/73/3769.nt" rel="alternate" title="person page RDF N-Triples" type="application/n-triples"/><link href="https://dblp.uni-trier.de/pid/73/3769.ttl" rel="alternate" title="person page RDF Turtle" type="text/turtle"/><link href="https://dblp.uni-trier.de/pid/73/3769.rss" rel="alternate" title="bibliography update RSS feed" type="application/rss+xml"/><link href="https://dblp.uni-trier.de/pid/73/3769.bib" rel="alternate" title="person page BibTeX" type="application/x-bibtex"/><link href="https://dblp.uni-trier.de/pid/73/3769.ris" rel="alternate" title="person page RIS" type="application/x-research-info-systems"/><meta content="List of computer science publications by Virgil Emil Cazanescu" name="description"/><meta content="Virgil Emil Cazanescu, dblp, computer science, bibliography, author, editor, publication, conference, journal, book, thesis, collection, open data, bibtex" name="keywords"/><script type="application/ld+json">{"@context": "http://schema.org","@type": "WebSite","url": "https://dblp.org","sameAs": ["https://dblp.uni-trier.de","https://dblp.dagstuhl.de","https://www.wikidata.org/entity/Q1224715","https://en.wikipedia.org/wiki/DBLP","https://twitter.com/dblp_org","https://facebook.com/dblp.org"],"name": "dblp computer science bibliography","alternateName": "DBLP","description": "The dblp computer science bibliography is the online reference for open bibliographic information on major computer science journals and proceedings.","image": "https://dblp.org/img/logo.320x120.png","thumbnailUrl": "https://dblp.org/img/dblp.icon.192x192.png","creator": {"@context": "http://schema.org","@type": "Organization","name": "Schloss Dagstuhl - Leibniz Center for Informatics","url": "https://www.dagstuhl.de","logo": "https://www.dagstuhl.de/fileadmin/assets/images/lzi_logo.gif","contactPoint": {"@context": "http://schema.org","@type": "ContactPoint","contactType": "customer support","url": "https://dblp.org/db/about/team","email": "dblp@dagstuhl.de"},"sameAs": ["https://www.wikidata.org/entity/Q879857","https://en.wikipedia.org/wiki/Dagstuhl"]},"dateCreated": "1993","datePublished": "1993","dateModified": "2022-11-16","locationCreated": "Trier, Germany","funder": [{"@context": "http://schema.org","@type": "Organization","name": "Leibniz Association","url": "https://www.leibniz-gemeinschaft.de/","logo": "https://www.leibniz-gemeinschaft.de/fileadmin/portal/logo-black.svg","sameAs": ["https://www.wikidata.org/entity/Q680090","https://en.wikipedia.org/wiki/Leibniz_Association"]},{"@context": "http://schema.org","@type": "Organization","name": "Federal Ministry of Education and Research of Germany","url": "https://www.bmbf.de/","logo": "https://www.bmbf.de/site/img/logo.png","sameAs": ["https://www.wikidata.org/entity/Q492234","https://en.wikipedia.org/wiki/Federal_Ministry_of_Education_and_Research_(Germany)"]},{"@context": "http://schema.org","@type": "Organization","name": "Saarland State Chancellery","url": "https://www.saarland.de/stk/DE/home/home_node.html","logo": "https://www.saarland.de/bilder/res_stk/stk.png","sameAs": ["https://www.wikidata.org/entity/Q15848758","https://de.wikipedia.org/wiki/Saarl%C3%A4ndische_Staatskanzlei"]},{"@context": "http://schema.org","@type": "Organization","name": "Ministry of Science, Education and Culture of the State of Rhineland-Palatinate","url": "https://mwwk.rlp.de/de/startseite//","logo": "https://mwwk.rlp.de/fileadmin/_logos/rlp-logos-MWWK.png","sameAs": ["https://www.wikidata.org/entity/Q15835282","https://de.wikipedia.org/wiki/Ministerium_f%C3%BCr_Wissenschaft,_Weiterbildung_und_Kultur"]}],"genre": "computer science","inLanguage": "en-US","license": "https://creativecommons.org/publicdomain/zero/1.0/","isAccessibleForFree": "true","potentialAction": [{"@type": "SearchAction","target": "https://dblp.org/search?q={search_term_string}","query-input": "required name=search_term_string"}]}</script><script type="application/ld+json">{"@context": "http://schema.org","@type": "Dataset","url": "https://dblp.org/xml/release","sameAs": ["https://dblp.uni-trier.de/xml/release","https://dblp.dagstuhl.de/xml/release"],"name": "dblp XML data dump","description": "The raw dblp metadata in XML files as stable, persistent releases.","keywords": "dblp, XML, computer science, scholarly publications, metadata","temporalCoverage": "1936/..","thumbnailUrl": "https://dblp.org/img/dblp.icon.192x192.png","creator": {"@context": "http://schema.org","@type": "Organization","name": "Schloss Dagstuhl - Leibniz Center for Informatics","url": "https://www.dagstuhl.de","logo": "https://www.dagstuhl.de/fileadmin/assets/images/lzi_logo.gif","contactPoint": {"@context": "http://schema.org","@type": "ContactPoint","contactType": "customer support","url": "https://dblp.org/db/about/team","email": "dblp@dagstuhl.de"},"sameAs": ["https://www.wikidata.org/entity/Q879857","https://en.wikipedia.org/wiki/Dagstuhl"]},"dateCreated": "1993","datePublished": "1993","dateModified": "2022-11-16","locationCreated": "Trier, Germany","funder": [{"@context": "http://schema.org","@type": "Organization","name": "Leibniz Association","url": "https://www.leibniz-gemeinschaft.de/","logo": "https://www.leibniz-gemeinschaft.de/fileadmin/portal/logo-black.svg","sameAs": ["https://www.wikidata.org/entity/Q680090","https://en.wikipedia.org/wiki/Leibniz_Association"]},{"@context": "http://schema.org","@type": "Organization","name": "Federal Ministry of Education and Research of Germany","url": "https://www.bmbf.de/","logo": "https://www.bmbf.de/site/img/logo.png","sameAs": ["https://www.wikidata.org/entity/Q492234","https://en.wikipedia.org/wiki/Federal_Ministry_of_Education_and_Research_(Germany)"]},{"@context": "http://schema.org","@type": "Organization","name": "Saarland State Chancellery","url": "https://www.saarland.de/staatskanzlei.htm","logo": "https://www.saarland.de/bilder/res_stk/stk.png","sameAs": ["https://www.wikidata.org/entity/Q15848758","https://de.wikipedia.org/wiki/Saarl%C3%A4ndische_Staatskanzlei"]},{"@context": "http://schema.org","@type": "Organization","name": "Ministry of Science, Education and Culture of the State of Rhineland-Palatinate","url": "https://mwwk.rlp.de/de/startseite//","logo": "https://mwwk.rlp.de/fileadmin/_logos/rlp-logos-MWWK.png","sameAs": ["https://www.wikidata.org/entity/Q15835282","https://de.wikipedia.org/wiki/Ministerium_f%C3%BCr_Wissenschaft,_Weiterbildung_und_Kultur"]}],"genre": "computer science","inLanguage": "en-US","license": "https://creativecommons.org/publicdomain/zero/1.0/","isAccessibleForFree": "true","distribution": [{"@type": "DataDownload","encodingFormat": "application/gzip","contentUrl": "https://dblp.org/xml/release/"}]}</script></link></link></link></link></head>
<body class="no-js pers-page" data-dblp-path="pers/73/3769" itemscope="" itemtype="http://schema.org/Person">
<link href="https://dblp.org/rdf/schema#Person" itemprop="additionalType">
<script>var el = document.getElementsByTagName("body")[0];el.classList.remove('no-js');el.classList.add('js');</script>
<script src="https://dblp.uni-trier.de/js/jquery-3.1.1.min.js"></script>
<script src="https://dblp.uni-trier.de/js/jquery.dblp-2014-08-07.min.js"></script>
<script src="https://dblp.uni-trier.de/js/jquery.cookie-1.4.1.min.js"></script>
<script src="https://dblp.uni-trier.de/js/jquery.mark-9.0.0-edited.min.js"></script>
<script src="https://dblp.uni-trier.de/js/jquery.md5-1.2.1.min.js"></script>
<script src="https://dblp.uni-trier.de/js/d3-3.5.5.min.js"></script>
<script src="https://dblp.uni-trier.de/js/encoder-2012-09-23.min.js"></script>
<script src="https://dblp.uni-trier.de/js/buckets-1.0.min.js"></script>
<!-- banner --><div id="banner"><!-- div class="message fancy" data-version="2020-12-19">Due to a <b>scheduled maintenance</b>, this server may become unavailable from <b>December 19th to December 20th, 2020</b>. In the mean time, please use server <a href="http://dblp.dagstuhl.de">Dagstuhl</a> instead.</div -->
<!-- div class="message fancy" data-version="2021-05-26">Due to a <b>scheduled maintenance</b>, this server may become unavailable on <b>May 29, 2020</b>. In the mean time, please use server <a href="http://dblp.dagstuhl.de">Dagstuhl</a> instead.</div -->
<!-- div class="message fancy" data-version="2022-05-03"><b>We are hiring!</b> We are looking for additional members to join the dblp team. <a href="https://www.dagstuhl.de/en/about-dagstuhl/organization/job-offers/">(more information)</a></div -->
</div><div id="main">
<!-- logo --><div id="logo"><img alt="" class="logo" src="https://dblp.uni-trier.de/img/logo.ua.320x120.png" usemap="#logo-map"/><map name="logo-map"><area alt="дблп бібліографія з інформатики
dblp computer science bibliography" coords="5,0,14,92,103,118,111,95,319,90,316,61,192,63,190,26,99,26" href="https://dblp.uni-trier.de" shape="poly" title="дблп бібліографія з інформатики
dblp computer science bibliography"/></map><div class="drop-down" style="position:absolute; left:109px; bottom:-8px; white-space:nowrap;"><div class="head" style="top:1px; width:fit-content; padding:0px 10px 0px 0px;"><img alt="" src="https://dblp.uni-trier.de/img/dropdown.dark.16x16.png" style="position:relative; left:4px;"/><img alt="" class="icon" src="https://dblp.uni-trier.de/img/peace.dark.16x16.png"/><span style="position:relative; top:-5px; left:2px; font-weight:bold;">Stop the war!</span></div><div class="body"><p><b><img alt="" class="icon" src="https://dblp.uni-trier.de/img/peace.dark.16x16.png" style="padding: px 2px 0px 0px;position: relative;top: 2px;padding-right: 4px;"/>Остановите войну!</b></p><ul style="padding-left:20px;"><li><a href="https://www.leibniz-gemeinschaft.de/en/about-us/whats-new/news/forschungsnachrichten-single/newsdetails/solidaritaet-mit-der-ukraine">solidarity</a> - <a href="https://www-leibniz--gemeinschaft-de.translate.goog/en/about-us/whats-new/news/forschungsnachrichten-single/newsdetails/solidaritaet-mit-der-ukraine?_x_tr_sl=en&amp;_x_tr_tl=uk">(ua)</a> - <a href="https://www-leibniz--gemeinschaft-de.translate.goog/en/about-us/whats-new/news/forschungsnachrichten-single/newsdetails/solidaritaet-mit-der-ukraine?_x_tr_sl=en&amp;_x_tr_tl=ru">(ru)</a></li><li><a href="https://news.un.org/en/tags/ukraine">news</a> - <a href="https://news-un-org.translate.goog/en/tags/ukraine?_x_tr_sl=en&amp;_x_tr_tl=uk">(ua)</a> - <a href="https://news-un-org.translate.goog/en/tags/ukraine?_x_tr_sl=en&amp;_x_tr_tl=ru">(ru)</a></li><li><a href="https://donate.unhcr.org/int/en/ukraine-emergency">donate</a> - <a href="https://www.doctorswithoutborders.org/what-we-do/where-we-work/ukraine">donate</a> - <a href="https://www.icrc.org/en/where-we-work/europe-central-asia/ukraine">donate</a></li></ul><p><em>for scientists:</em></p><ul style="padding-left:20px;"><li><a href="https://euraxess.ec.europa.eu/ukraine/">ERA4Ukraine</a></li><li><a href="https://www.daad-ukraine.org/en/">Assistance in Germany</a></li><li><a href="https://uglobal.university/">Ukrainian Global University</a></li><li><a href="https://twitter.com/hashtag/ScienceForUkraine?f=live">#ScienceForUkraine</a></li></ul></div></div></div>
<!-- search form --><div id="search"><img alt="search dblp" class="icon no-js-only" src="https://dblp.uni-trier.de/img/search.dark.16x16.png" title="search dblp"/><div class="drop-down js-only" id="search-mode-selector" style="vertical-align:-6px; margin-right:1px;"><div class="head"><img alt="search dblp" class="icon" src="https://dblp.uni-trier.de/img/search.dark.16x16.png"/></div><div class="body"><p><b>default search action</b></p><ul><li><input checked="checked" id="search-mode-combined" name="search-mode" type="radio" value="c"/><label for="search-mode-combined">combined dblp search</label></li><li><input id="search-mode-author" name="search-mode" type="radio" value="a"/><label for="search-mode-author">author search</label></li><li><input id="search-mode-venue" name="search-mode" type="radio" value="v"/><label for="search-mode-venue">venue search</label></li><li><input id="search-mode-publ" name="search-mode" type="radio" value="p"/><label for="search-mode-publ">publication search</label></li></ul></div></div><form action="https://dblp.uni-trier.de/search" method="get"><input maxlength="127" name="q" placeholder="search dblp" type="search"/><div class="results js-only"><div class="authors"><b>Authors:</b><ul class="matches"><li><i>no matches</i></li></ul><ul class="waiting"><li><img alt="waiting..." src="https://dblp.uni-trier.de/img/waiting.anim.gif"/></li></ul></div><div class="venues"><b>Venues:</b><ul class="matches"><li><i>no matches</i></li></ul><ul class="waiting"><li><img alt="waiting..." src="https://dblp.uni-trier.de/img/waiting.anim.gif"/></li></ul></div><div class="publs"><b>Publications:</b><ul class="matches"><li><i>no matches</i></li></ul><ul class="waiting"><li><img alt="waiting..." src="https://dblp.uni-trier.de/img/waiting.anim.gif"/></li></ul></div></div><img alt="clear" class="clear js-only" src="https://dblp.uni-trier.de/img/clear-mark.medium.16x16.png" title="clear"/></form><div class="drop-down js-only" id="search-external"><div class="head"><a href="https://google.com/search?q="><img alt="ask others" class="icon" src="https://dblp.uni-trier.de/img/search-external.dark.hollow.16x16.png"/></a></div><div class="body"><p><b>ask others</b></p><ul><li><a href="https://google.com/search?q="><img alt="" class="icon" src="https://dblp.uni-trier.de/img/google.dark.16x16.png"/>Google</a></li><li><a href="https://scholar.google.com/scholar?q="><img alt="" class="icon" src="https://dblp.uni-trier.de/img/google-scholar.dark.16x16.png"/>Google Scholar</a></li><li><a href="https://www.semanticscholar.org/search?q="><img alt="" class="icon" src="https://dblp.uni-trier.de/img/semscholar.dark.16x16.png"/>Semantic Scholar</a></li><li><a href="https://scholar.archive.org/search?q=" rel="nofollow"><img alt="" class="icon" src="https://dblp.uni-trier.de/img/internetarchive.dark.16x16.png"/>Internet Archive Scholar</a></li><li><a href="https://citeseerx.ist.psu.edu/search?q="><img alt="" class="icon" src="https://dblp.uni-trier.de/img/citeseer.dark.16x16.png"/>CiteSeerX</a></li><li><a href="https://orcid.org/orcid-search/search?searchQuery="><img alt="" class="icon" src="https://dblp.uni-trier.de/img/orcid.dark.16x16.png"/>ORCID</a></li></ul></div>
</div>
</div>
<!-- head line --><header class="headline noline" data-name="Virgil Emil Cazanescu" data-pid="73/3769" id="headline"><h1><span class="name primary" itemprop="name">Virgil Emil Cazanescu</span></h1> <nav class="head"><ul><li class="visit drop-down"><div class="head"><a href="http://www.wikidata.org/entity/Q102364410"><img alt="" class="icon" src="https://dblp.uni-trier.de/img/person.light.16x16.png"/></a></div><div class="body"><p><b>visit</b></p><ul><li itemprop="subjectOf" itemscope="" itemtype="http://schema.org/WebPage"><a href="https://mathgenealogy.org/id.php?id=145827" itemprop="url"><img alt="" class="icon" src="https://dblp.uni-trier.de/img/mgp.dark.16x16.png"/>Mathematics Genealogy profile</a></li><li itemprop="subjectOf" itemscope="" itemtype="http://schema.org/WebPage"><a href="https://mathscinet.ams.org/mathscinet/MRAuthorID/46495" itemprop="url"><img alt="" class="icon" src="https://dblp.uni-trier.de/img/ams.dark.16x16.png"/>MathSciNet author profile</a></li></ul><p><em>authority control:</em></p><ul><li class="wrap"><a href="http://www.wikidata.org/entity/Q102364410" itemprop="sameAs"><img alt="Wikidata" class="icon" src="https://dblp.uni-trier.de/img/wikidata.dark.16x16.png" title="Wikidata"/></a><a href="https://id.loc.gov/authorities/names/n83222313" itemprop="sameAs"><img alt="Library of Congress" class="icon" src="https://dblp.uni-trier.de/img/loc.dark.16x16.png" title="Library of Congress"/></a></li></ul></div></li><li class="export drop-down"><div class="head"><a href="https://dblp.uni-trier.de/pid/73/3769.html?view=bibtex"><img alt="" class="icon" src="https://dblp.uni-trier.de/img/download.light.16x16.png"/></a></div><div class="body"><p><b>export bibliography</b></p><ul><li><a href="https://dblp.uni-trier.de/pid/73/3769.html?view=bibtex"><img alt="" class="icon" src="https://dblp.uni-trier.de/img/bibtex.dark.16x16.png"/>BibTeX</a></li><li><a href="https://dblp.uni-trier.de/pid/73/3769.ris"><img alt="" class="icon" src="https://dblp.uni-trier.de/img/endnote.dark.16x16.png"/>RIS</a></li><li><a href="https://dblp.uni-trier.de/pid/73/3769.nt"><img alt="" class="icon" src="https://dblp.uni-trier.de/img/rdf.dark.16x16.png"/>RDF N-Triples</a></li><li><a href="https://dblp.uni-trier.de/pid/73/3769.ttl"><img alt="" class="icon" src="https://dblp.uni-trier.de/img/rdf.dark.16x16.png"/>RDF Turtle</a></li><li><a href="https://dblp.uni-trier.de/pid/73/3769.rdf"><img alt="" class="icon" src="https://dblp.uni-trier.de/img/rdf.dark.16x16.png"/>RDF/XML</a></li><li><a href="https://dblp.uni-trier.de/pid/73/3769.xml"><img alt="" class="icon" src="https://dblp.uni-trier.de/img/xml.dark.16x16.png"/>XML</a></li><li><a href="https://dblp.uni-trier.de/pid/73/3769.rss"><img alt="" class="icon" src="https://dblp.uni-trier.de/img/rss.dark.16x16.png"/>RSS</a></li></ul><p><em>dblp key:</em></p><ul class="bullets"><li class="select-on-click"><small>homepages/73/3769</small></li></ul></div></li><li class="search drop-down"><div class="head"><a href="https://google.com/search?q=Virgil+Emil+Cazanescu"><img alt="" class="icon" src="https://dblp.uni-trier.de/img/search-external.light.16x16.png"/></a></div><div class="body"><p><b>ask others</b></p><ul><li><a href="https://google.com/search?q=Virgil+Emil+Cazanescu"><img alt="" class="icon" src="https://dblp.uni-trier.de/img/google.dark.16x16.png"/>Google</a></li><li><a href="https://scholar.google.com/scholar?q=Virgil+Emil+Cazanescu"><img alt="" class="icon" src="https://dblp.uni-trier.de/img/google-scholar.dark.16x16.png"/>Google Scholar</a></li><li><a href="https://www.semanticscholar.org/search?q=Virgil+Emil+Cazanescu"><img alt="" class="icon" src="https://dblp.uni-trier.de/img/semscholar.dark.16x16.png"/>Semantic Scholar</a></li><li><a href="https://scholar.archive.org/search?q=Virgil+Emil+Cazanescu" rel="nofollow"><img alt="" class="icon" src="https://dblp.uni-trier.de/img/internetarchive.dark.16x16.png"/>Internet Archive Scholar</a></li><li><a href="https://citeseerx.ist.psu.edu/search?q=Virgil+Emil+Cazanescu"><img alt="" class="icon" src="https://dblp.uni-trier.de/img/citeseer.dark.16x16.png"/>CiteSeerX</a></li><li><a href="https://orcid.org/orcid-search/search?searchQuery=Virgil+Emil+Cazanescu"><img alt="" class="icon" src="https://dblp.uni-trier.de/img/orcid.dark.16x16.png"/>ORCID</a></li></ul></div></li><li class="share drop-down"><div class="head"><a href="https://twitter.com/intent/tweet?url=https://dblp.org/pid/73/3769&amp;text=Virgil+Emil+Cazanescu%27s+publications+at&amp;hashtags=dblp&amp;related=dblp_org"><img alt="" class="icon" src="https://dblp.uni-trier.de/img/link.light.16x16.png"/></a></div><div class="body"><p><b>share bibliography</b></p><ul><li><a href="https://twitter.com/intent/tweet?url=https://dblp.org/pid/73/3769&amp;text=Virgil+Emil+Cazanescu%27s+publications+at&amp;hashtags=dblp&amp;related=dblp_org"><img alt="" class="icon" src="https://dblp.uni-trier.de/img/twitterbird.dark.16x16.png"/>Twitter</a></li><li><a href="https://www.reddit.com/submit?url=https://dblp.org/pid/73/3769&amp;title=Virgil+Emil+Cazanescu%27s+publications+at+dblp"><img alt="" class="icon" src="https://dblp.uni-trier.de/img/reddit.dark.16x16.png"/>Reddit</a></li><li><a href="https://www.bibsonomy.org/editBookmark?url=https://dblp.org/pid/73/3769"><img alt="" class="icon" src="https://dblp.uni-trier.de/img/bibsonomy.dark.16x16.png"/>BibSonomy</a></li><li><a href="https://www.linkedin.com/shareArticle?mini=true&amp;url=https://dblp.org/pid/73/3769&amp;title=Virgil+Emil+Cazanescu%27s+publications+at+dblp&amp;source=dblp+computer+science+bibliography"><img alt="" class="icon" src="https://dblp.uni-trier.de/img/linkedin.dark.16x16.png"/>LinkedIn</a></li></ul><p><em>persistent URL:</em></p><ul class="bullets"><li class="select-on-click"><small>https://dblp.org/pid/73/3769</small></li></ul></div></li><li class="drop-down"><div class="head"><a href="https://dblp.uni-trier.de/db/about/team.html"><img alt="" class="icon" src="https://dblp.uni-trier.de/img/talk.light.16x16.png"/></a></div><div class="body"><p><b>help us</b></p><ul><li><a href="https://dblp.uni-trier.de/faq/1474623"><img alt="" class="icon" src="https://dblp.uni-trier.de/img/faq-mark.dark.16x16.png"/>How can I correct errors in dblp?</a></li><li><a href="https://dblp.uni-trier.de/db/about/team.html"><img alt="" class="icon" src="https://dblp.uni-trier.de/img/mail.dark.16x16.png"/>contact dblp</a></li></ul></div></li></ul></nav></header>
<!-- inpage navigation menu --><nav class="side"><ul><li><a href="#" title="jump to top"><img alt="top" class="icon" src="https://dblp.uni-trier.de/img/top.dark.16x16.png"/></a></li><li class="underline" title="jump to the 2010s"><a href="#the2010s"><span class="generic-icon"><small>'10</small></span></a></li><li class="underline" title="jump to the 2000s"><a href="#the2000s"><span class="generic-icon"><small>'00</small></span></a></li><li class="underline" title="jump to the 1990s"><a href="#the1990s"><span class="generic-icon"><small>'90</small></span></a></li><li class="underline" title="jump to the 1980s"><a href="#the1980s"><span class="generic-icon"><small>'80</small></span></a></li><li class="underline" title="jump to the 1970s"><a href="#the1970s"><span class="generic-icon"><small>'70</small></span></a></li><li><a href="#coauthors" title="jump to Coauthor Index"><img alt="coauthors" class="icon" src="https://dblp.uni-trier.de/img/coauthor.dark.16x16.png"/></a></li><li><a href="#footer" title="jump to bottom"><img alt="bottom" class="icon" src="https://dblp.uni-trier.de/img/bottom.dark.16x16.png"/></a></li></ul></nav>
<!-- mirror selector --><nav class="selector-box" id="mirror-selector"><img alt="mirror" src="https://dblp.uni-trier.de/img/datastock.dark.16x16.png" title="use mirror server"/><div class="drop-down selector"><div class="head">Trier</div><div class="body"><ul class="options"><li><a href="https://dblp.dagstuhl.de/pid/73/3769.html?view=by-year">Dagstuhl</a></li></ul></div></div></nav>
<!-- order-by selector --><nav class="selector-box" id="sorting-selector"><img alt="order" src="https://dblp.uni-trier.de/img/eye.dark.16x16.png" title="order publications by"/><div class="drop-down selector"><div class="head">by year</div><div class="body"><ul class="options"><li><a href="https://dblp.uni-trier.de/pid/73/3769.html?view=by-type">by type</a></li></ul></div></div></nav>
<!-- breadcrumbs --><div class="section" id="breadcrumbs"><ul><li itemscope="" itemtype="http://schema.org/BreadcrumbList"><span itemprop="itemListElement" itemscope="" itemtype="http://schema.org/ListItem">&gt; <a href="https://dblp.uni-trier.de" itemprop="item"><span itemprop="name">Home</span></a><meta content="1" itemprop="position"/></span> <span itemprop="itemListElement" itemscope="" itemtype="http://schema.org/ListItem">&gt; <a href="https://dblp.uni-trier.de/pers/" itemprop="item"><span itemprop="name">Persons</span></a><meta content="2" itemprop="position"/></span> </li></ul></div>
<div class="clear-both"></div><!-- person profile --><div class="section" id="info-section"><div class="profile display-none hideable tts-content"><header class="hide-head sub" id="profile"><h3>Person information</h3><img alt="text to speech" class="tts-button" src="https://dblp.uni-trier.de/img/audio.dark.16x16.png" title="text-to-speech"/></header><div class="hide-body"></div></div><div style="clear:both"></div></div>
<!-- publ side panel --><div class="panel js-only" id="publ-side-panel"><div class="hideable js-only" id="authorpage-refine"><header class="hide-head"><h2>Refine list</h2> <div class="drop-down notifier" id="refine-info"><div class="head"><img alt="note" src="https://dblp.uni-trier.de/img/note-mark.dark.12x12.png"/></div><div class="body"><p><b>refinements active!</b></p><p>zoomed in on <span id="record-count">??</span> of <span id="max-record-count">??</span> records<p><ul id="refine-info-summary"></ul> <p><button class="text" id="reset-refinements"><img alt="" class="icon" src="https://dblp.uni-trier.de/img/del-mark.12x12.png"/>dismiss all constraints</button></p><p><em>view refined list in</em></p><p><button class="text" id="refine-info-cs-link"><img alt="" class="icon" src="https://dblp.uni-trier.de/img/dblp.dark.16x16.png"/>dblp search</button></p><p><em>export refined list as</em></p><p><button class="text" id="refine-export-xml-link"><img alt="" class="icon" src="https://dblp.uni-trier.de/img/xml.dark.16x16.png"/>XML</button></p><p><button class="text" id="refine-export-json-link"><img alt="" class="icon" src="https://dblp.uni-trier.de/img/json.dark.16x16.png"/>JSON</button></p><p><button class="text" id="refine-export-jsonp-link"><img alt="" class="icon" src="https://dblp.uni-trier.de/img/json.dark.16x16.png"/>JSONP</button></p><p><button class="text" id="refine-export-bibtex-link"><img alt="" class="icon" src="https://dblp.uni-trier.de/img/bibtex.dark.16x16.png"/>BibTeX</button></p></p></p></div></div></header><div class="hide-body"><div class="refine-by info"><em><span id="record-info">showing all</span> <span id="max-record-info">??</span> records</em></div></div></div></div>
<div class="section" id="publ-section"><div class="hideable"><header class="hide-head" id="the2010s"><h2>2010 – 2019</h2> <div class="drop-down faq"><div class="head"><a href="https://dblp.uni-trier.de/faq/"><img alt="FAQ" src="https://dblp.uni-trier.de/img/faq-mark.dark.12x12.png"/></a></div><div class="body"><b>see FAQ</b><ul><li><a href="https://dblp.uni-trier.de/faq/1474790">What is the meaning of the colors in the publication lists?</a></li></ul></div></div></header><div class="hide-body"><ul class="publ-list"><li class="year">2010</li><li class="entry inproceedings toc" id="conf/synasc/Cazanescu10" itemscope="" itemtype="http://schema.org/ScholarlyArticle"><link href="https://dblp.org/rdf/schema#Publication" itemprop="additionalType"><div class="box"><img alt="" src="https://dblp.uni-trier.de/img/n.png" title="Conference and Workshop Papers"/></div><div class="nr" id="c6">[c6]</div><nav class="publ"><ul><li class="drop-down"><div class="head"><a href="https://doi.org/10.1109/SYNASC.2010.90"><img alt="" class="icon" itemprop="image" src="https://dblp.uni-trier.de/img/paper.dark.hollow.16x16.png"/></a></div><div class="body"><p><b>view</b></p><ul><li class="ee"><a href="https://doi.org/10.1109/SYNASC.2010.90" itemprop="url"><img alt="" class="icon" src="https://dblp.uni-trier.de/img/paper.dark.16x16.png"/>electronic edition via DOI</a></li><li class="ee"><a href="http://doi.ieeecomputersociety.org/10.1109/SYNASC.2010.90" itemprop="url"><img alt="" class="icon" src="https://dblp.uni-trier.de/img/paper.dark.16x16.png"/>electronic edition @ ieeecomputersociety.org</a></li><li class="unpaywall display-none" data-doi="10.1109%2FSYNASC.2010.90"><a href="https://unpaywall.org/10.1109%2FSYNASC.2010.90"><img alt="" class="icon" src="https://dblp.uni-trier.de/img/paper-unpaywall.dark.16x16.png"/>unpaywalled version</a></li><li class="details"><a href="https://dblp.uni-trier.de/rec/conf/synasc/Cazanescu10.html"><img alt="" class="icon" src="https://dblp.uni-trier.de/img/info.dark.16x16.png"/>references &amp; citations</a></li></ul><p><em>authority control:</em></p><ul><li class="wrap"><a href="https://api.crossref.org/works/10.1109%2FSYNASC.2010.90"><img alt="Crossref API" class="icon" src="https://dblp.uni-trier.de/img/crossref.dark.16x16.png" title="Crossref API"/></a><a href="https://api.openalex.org/works/doi:10.1109%2FSYNASC.2010.90"><img alt="OpenAlex API" class="icon" src="https://dblp.uni-trier.de/img/openalex.dark.16x16.png" title="OpenAlex API"/></a></li></ul><span class="Z3988" title="ctx_ver=Z39.88-2004&amp;rfr_id=info%3Asid%2Fdblp.org%3Aconf/synasc/Cazanescu10&amp;rft.au=Virgil+Emil+Cazanescu&amp;rft.atitle=Programming+via+Rewriting.&amp;rft.btitle=SYNASC&amp;rft.date=2010&amp;rft.pages=3&amp;rft_id=info%3Adoi%2F10.1109%2FSYNASC.2010.90&amp;rft_val_fmt=info%3Aofi%2Ffmt%3Akev%3Amtx%3Ajournal"><span style="display:none;"> </span></span></div></li><li class="drop-down"><div class="head"><a href="https://dblp.uni-trier.de/rec/conf/synasc/Cazanescu10.html?view=bibtex"><img alt="" class="icon" src="https://dblp.uni-trier.de/img/download.dark.hollow.16x16.png"/></a></div><div class="body"><p><b>export record</b></p><ul><li><a href="https://dblp.uni-trier.de/rec/conf/synasc/Cazanescu10.html?view=bibtex"><img alt="" class="icon" src="https://dblp.uni-trier.de/img/bibtex.dark.16x16.png"/>BibTeX</a></li><li><a href="https://dblp.uni-trier.de/rec/conf/synasc/Cazanescu10.ris"><img alt="" class="icon" src="https://dblp.uni-trier.de/img/endnote.dark.16x16.png"/>RIS</a></li><li><a href="https://dblp.uni-trier.de/rec/conf/synasc/Cazanescu10.nt"><img alt="" class="icon" src="https://dblp.uni-trier.de/img/rdf.dark.16x16.png"/>RDF N-Triples</a></li><li><a href="https://dblp.uni-trier.de/rec/conf/synasc/Cazanescu10.ttl"><img alt="" class="icon" src="https://dblp.uni-trier.de/img/rdf.dark.16x16.png"/>RDF Turtle</a></li><li><a href="https://dblp.uni-trier.de/rec/conf/synasc/Cazanescu10.rdf"><img alt="" class="icon" src="https://dblp.uni-trier.de/img/rdf.dark.16x16.png"/>RDF/XML</a></li><li><a href="https://dblp.uni-trier.de/rec/conf/synasc/Cazanescu10.xml"><img alt="" class="icon" src="https://dblp.uni-trier.de/img/xml.dark.16x16.png"/>XML</a></li></ul><p><em>dblp key:</em></p><ul class="bullets"><li class="select-on-click"><small>conf/synasc/Cazanescu10</small></li></ul></div></li><li class="drop-down"><div class="head"><a href="https://google.com/search?q=Programming+via+Rewriting."><img alt="" class="icon" src="https://dblp.uni-trier.de/img/search-external.dark.hollow.16x16.png"/></a></div><div class="body"><p><b>ask others</b></p><ul><li><a href="https://google.com/search?q=Programming+via+Rewriting."><img alt="" class="icon" src="https://dblp.uni-trier.de/img/google.dark.16x16.png"/>Google</a></li><li><a href="https://scholar.google.com/scholar?q=Programming+via+Rewriting."><img alt="" class="icon" src="https://dblp.uni-trier.de/img/google-scholar.dark.16x16.png"/>Google Scholar</a></li><li><a href="https://www.semanticscholar.org/search?q=Programming+via+Rewriting."><img alt="" class="icon" src="https://dblp.uni-trier.de/img/semscholar.dark.16x16.png"/>Semantic Scholar</a></li><li><a href="https://scholar.archive.org/search?q=Programming+via+Rewriting." rel="nofollow"><img alt="" class="icon" src="https://dblp.uni-trier.de/img/internetarchive.dark.16x16.png"/>Internet Archive Scholar</a></li><li><a href="https://citeseerx.ist.psu.edu/search?q=Programming+via+Rewriting."><img alt="" class="icon" src="https://dblp.uni-trier.de/img/citeseer.dark.16x16.png"/>CiteSeerX</a></li></ul></div></li><li class="drop-down"><div class="head"><a href="https://twitter.com/intent/tweet?url=https%3A%2F%2Fdoi.org%2F10.1109%2FSYNASC.2010.90&amp;text=%22Programming+via+Rewriting.%22&amp;hashtags=dblp&amp;related=dblp_org"><img alt="" class="icon" src="https://dblp.uni-trier.de/img/link.dark.hollow.16x16.png"/></a></div><div class="body"><p><b>share record</b></p><ul><li><a href="https://twitter.com/intent/tweet?url=https%3A%2F%2Fdoi.org%2F10.1109%2FSYNASC.2010.90&amp;text=%22Programming+via+Rewriting.%22&amp;hashtags=dblp&amp;related=dblp_org"><img alt="" class="icon" src="https://dblp.uni-trier.de/img/twitterbird.dark.16x16.png"/>Twitter</a></li><li><a href="https://www.reddit.com/submit?url=https%3A%2F%2Fdoi.org%2F10.1109%2FSYNASC.2010.90&amp;title=%22Programming+via+Rewriting.%22"><img alt="" class="icon" src="https://dblp.uni-trier.de/img/reddit.dark.16x16.png"/>Reddit</a></li><li><a href="https://www.bibsonomy.org/editPublication?url=https%3A%2F%2Fdoi.org%2F10.1109%2FSYNASC.2010.90"><img alt="" class="icon" src="https://dblp.uni-trier.de/img/bibsonomy.dark.16x16.png"/>BibSonomy</a></li><li><a href="https://www.linkedin.com/shareArticle?mini=true&amp;url=https%3A%2F%2Fdoi.org%2F10.1109%2FSYNASC.2010.90&amp;title=%22Programming+via+Rewriting.%22&amp;source=dblp+computer+science+bibliography"><img alt="" class="icon" src="https://dblp.uni-trier.de/img/linkedin.dark.16x16.png"/>LinkedIn</a></li><li><a href="https://www.facebook.com/sharer/sharer.php?u=https%3A%2F%2Fdoi.org%2F10.1109%2FSYNASC.2010.90"><img alt="" class="icon" src="https://dblp.uni-trier.de/img/facebook.dark.16x16.png"/>Facebook</a></li></ul><p><em>persistent URL:</em></p><ul class="bullets"><li class="select-on-click"><small>https://dblp.org/rec/conf/synasc/Cazanescu10</small></li></ul></div></li></ul></nav><cite class="data tts-content" itemprop="headline"><span itemprop="author" itemscope="" itemtype="http://schema.org/Person"><span class="this-person" itemprop="name">Virgil Emil Cazanescu</span></span>:<br/> <span class="title" itemprop="name">Programming via Rewriting.</span> <a href="https://dblp.uni-trier.de/db/conf/synasc/synasc2010.html#Cazanescu10"><span itemprop="isPartOf" itemscope="" itemtype="http://schema.org/BookSeries"><span itemprop="name">SYNASC</span></span> <span itemprop="datePublished">2010</span></a>: <span itemprop="pagination">3</span><img alt="text to speech" class="tts-button" src="https://dblp.uni-trier.de/img/audio.dark.16x16.png" title="text-to-speech"/></cite><meta content="computer science" property="genre"/></link></li></ul></div></div><div class="hideable"><header class="hide-head" id="the2000s"><h2>2000 – 2009</h2> <div class="drop-down faq"><div class="head"><a href="https://dblp.uni-trier.de/faq/"><img alt="FAQ" src="https://dblp.uni-trier.de/img/faq-mark.dark.12x12.png"/></a></div><div class="body"><b>see FAQ</b><ul><li><a href="https://dblp.uni-trier.de/faq/1474790">What is the meaning of the colors in the publication lists?</a></li></ul></div></div></header><div class="hide-body"><ul class="publ-list"><li class="year">2003</li><li class="entry inproceedings toc" id="conf/birthday/CazanescuK03" itemscope="" itemtype="http://schema.org/ScholarlyArticle"><link href="https://dblp.org/rdf/schema#Publication" itemprop="additionalType"><div class="box"><img alt="" src="https://dblp.uni-trier.de/img/n.png" title="Conference and Workshop Papers"/></div><div class="nr" id="c5">[c5]</div><nav class="publ"><ul><li class="drop-down"><div class="head"><img alt="" class="icon" itemprop="image" src="https://dblp.uni-trier.de/img/paper.dark.empty.16x16.png"/></div><div class="body"><p><b>no documents available</b></p><ul><li class="details"><a href="https://dblp.uni-trier.de/rec/conf/birthday/CazanescuK03.html"><img alt="" class="icon" src="https://dblp.uni-trier.de/img/info.dark.hollow.16x16.png"/>no references &amp; citations available</a></li></ul><span class="Z3988" title="ctx_ver=Z39.88-2004&amp;rfr_id=info%3Asid%2Fdblp.org%3Aconf/birthday/CazanescuK03&amp;rft.au=Virgil+Emil+Cazanescu&amp;rft.atitle=Homomorphic+Characterizations+of+Linear+and+Algebraic+Languages.&amp;rft.btitle=Grammars+and+Automata+for+String+Processing&amp;rft.date=2003&amp;rft.pages=215-224&amp;rft_val_fmt=info%3Aofi%2Ffmt%3Akev%3Amtx%3Ajournal"><span style="display:none;"> </span></span></div></li><li class="drop-down"><div class="head"><a href="https://dblp.uni-trier.de/rec/conf/birthday/CazanescuK03.html?view=bibtex"><img alt="" class="icon" src="https://dblp.uni-trier.de/img/download.dark.hollow.16x16.png"/></a></div><div class="body"><p><b>export record</b></p><ul><li><a href="https://dblp.uni-trier.de/rec/conf/birthday/CazanescuK03.html?view=bibtex"><img alt="" class="icon" src="https://dblp.uni-trier.de/img/bibtex.dark.16x16.png"/>BibTeX</a></li><li><a href="https://dblp.uni-trier.de/rec/conf/birthday/CazanescuK03.ris"><img alt="" class="icon" src="https://dblp.uni-trier.de/img/endnote.dark.16x16.png"/>RIS</a></li><li><a href="https://dblp.uni-trier.de/rec/conf/birthday/CazanescuK03.nt"><img alt="" class="icon" src="https://dblp.uni-trier.de/img/rdf.dark.16x16.png"/>RDF N-Triples</a></li><li><a href="https://dblp.uni-trier.de/rec/conf/birthday/CazanescuK03.ttl"><img alt="" class="icon" src="https://dblp.uni-trier.de/img/rdf.dark.16x16.png"/>RDF Turtle</a></li><li><a href="https://dblp.uni-trier.de/rec/conf/birthday/CazanescuK03.rdf"><img alt="" class="icon" src="https://dblp.uni-trier.de/img/rdf.dark.16x16.png"/>RDF/XML</a></li><li><a href="https://dblp.uni-trier.de/rec/conf/birthday/CazanescuK03.xml"><img alt="" class="icon" src="https://dblp.uni-trier.de/img/xml.dark.16x16.png"/>XML</a></li></ul><p><em>dblp key:</em></p><ul class="bullets"><li class="select-on-click"><small>conf/birthday/CazanescuK03</small></li></ul></div></li><li class="drop-down"><div class="head"><a href="https://google.com/search?q=Homomorphic+Characterizations+of+Linear+and+Algebraic+Languages."><img alt="" class="icon" src="https://dblp.uni-trier.de/img/search-external.dark.hollow.16x16.png"/></a></div><div class="body"><p><b>ask others</b></p><ul><li><a href="https://google.com/search?q=Homomorphic+Characterizations+of+Linear+and+Algebraic+Languages."><img alt="" class="icon" src="https://dblp.uni-trier.de/img/google.dark.16x16.png"/>Google</a></li><li><a href="https://scholar.google.com/scholar?q=Homomorphic+Characterizations+of+Linear+and+Algebraic+Languages."><img alt="" class="icon" src="https://dblp.uni-trier.de/img/google-scholar.dark.16x16.png"/>Google Scholar</a></li><li><a href="https://www.semanticscholar.org/search?q=Homomorphic+Characterizations+of+Linear+and+Algebraic+Languages."><img alt="" class="icon" src="https://dblp.uni-trier.de/img/semscholar.dark.16x16.png"/>Semantic Scholar</a></li><li><a href="https://scholar.archive.org/search?q=Homomorphic+Characterizations+of+Linear+and+Algebraic+Languages." rel="nofollow"><img alt="" class="icon" src="https://dblp.uni-trier.de/img/internetarchive.dark.16x16.png"/>Internet Archive Scholar</a></li><li><a href="https://citeseerx.ist.psu.edu/search?q=Homomorphic+Characterizations+of+Linear+and+Algebraic+Languages."><img alt="" class="icon" src="https://dblp.uni-trier.de/img/citeseer.dark.16x16.png"/>CiteSeerX</a></li></ul></div></li><li class="drop-down"><div class="head"><a href="https://twitter.com/intent/tweet?url=https%3A%2F%2Fdblp.org%2Frec%2Fconf%2Fbirthday%2FCazanescuK03&amp;text=%22Homomorphic+Characterizations+of+Linear+and+Algebraic+Languages.%22&amp;hashtags=dblp&amp;related=dblp_org"><img alt="" class="icon" src="https://dblp.uni-trier.de/img/link.dark.hollow.16x16.png"/></a></div><div class="body"><p><b>share record</b></p><ul><li><a href="https://twitter.com/intent/tweet?url=https%3A%2F%2Fdblp.org%2Frec%2Fconf%2Fbirthday%2FCazanescuK03&amp;text=%22Homomorphic+Characterizations+of+Linear+and+Algebraic+Languages.%22&amp;hashtags=dblp&amp;related=dblp_org"><img alt="" class="icon" src="https://dblp.uni-trier.de/img/twitterbird.dark.16x16.png"/>Twitter</a></li><li><a href="https://www.reddit.com/submit?url=https%3A%2F%2Fdblp.org%2Frec%2Fconf%2Fbirthday%2FCazanescuK03&amp;title=%22Homomorphic+Characterizations+of+Linear+and+Algebraic+Languages.%22"><img alt="" class="icon" src="https://dblp.uni-trier.de/img/reddit.dark.16x16.png"/>Reddit</a></li><li><a href="https://www.bibsonomy.org/editPublication?url=https%3A%2F%2Fdblp.org%2Frec%2Fconf%2Fbirthday%2FCazanescuK03"><img alt="" class="icon" src="https://dblp.uni-trier.de/img/bibsonomy.dark.16x16.png"/>BibSonomy</a></li><li><a href="https://www.linkedin.com/shareArticle?mini=true&amp;url=https%3A%2F%2Fdblp.org%2Frec%2Fconf%2Fbirthday%2FCazanescuK03&amp;title=%22Homomorphic+Characterizations+of+Linear+and+Algebraic+Languages.%22&amp;source=dblp+computer+science+bibliography"><img alt="" class="icon" src="https://dblp.uni-trier.de/img/linkedin.dark.16x16.png"/>LinkedIn</a></li><li><a href="https://www.facebook.com/sharer/sharer.php?u=https%3A%2F%2Fdblp.org%2Frec%2Fconf%2Fbirthday%2FCazanescuK03"><img alt="" class="icon" src="https://dblp.uni-trier.de/img/facebook.dark.16x16.png"/>Facebook</a></li></ul><p><em>persistent URL:</em></p><ul class="bullets"><li class="select-on-click"><small>https://dblp.org/rec/conf/birthday/CazanescuK03</small></li></ul></div></li></ul></nav><cite class="data tts-content" itemprop="headline"><span itemprop="author" itemscope="" itemtype="http://schema.org/Person"><span class="this-person" itemprop="name">Virgil Emil Cazanescu</span></span>, <span itemprop="author" itemscope="" itemtype="http://schema.org/Person"><a href="https://dblp.uni-trier.de/pid/k/ManfredKudlek.html" itemprop="url"><span itemprop="name" title="Manfred Kudlek">Manfred Kudlek</span></a></span>:<br/> <span class="title" itemprop="name">Homomorphic Characterizations of Linear and Algebraic Languages.</span> <a href="https://dblp.uni-trier.de/db/conf/birthday/paun2003.html#CazanescuK03"><span itemprop="isPartOf" itemscope="" itemtype="http://schema.org/BookSeries"><span itemprop="name">Grammars and Automata for String Processing</span></span> <span itemprop="datePublished">2003</span></a>: <span itemprop="pagination">215-224</span><img alt="text to speech" class="tts-button" src="https://dblp.uni-trier.de/img/audio.dark.16x16.png" title="text-to-speech"/></cite><meta content="computer science" property="genre"/></link></li><li class="year">2000</li><li class="entry article toc" id="journals/jucs/CazanescuR00" itemscope="" itemtype="http://schema.org/ScholarlyArticle"><link href="https://dblp.org/rdf/schema#Publication" itemprop="additionalType"><div class="box"><img alt="" src="https://dblp.uni-trier.de/img/n.png" title="Journal Articles"/></div><div class="nr" id="j10">[j10]</div><nav class="publ"><ul><li class="drop-down"><div class="head"><a class="archive" href="https://web.archive.org/web/*/https://doi.org/10.3217/jucs-006-01-0005"><img alt="" class="icon" itemprop="image" src="https://dblp.uni-trier.de/img/paper-archive.dark.hollow.16x16.png"/></a></div><div class="body"><p><b>view</b></p><ul><li class="ee"><a class="archive" href="https://web.archive.org/web/*/https://doi.org/10.3217/jucs-006-01-0005" itemprop="url"><img alt="" class="icon" src="https://dblp.uni-trier.de/img/paper-archive.dark.16x16.png"/>electronic edition via DOI (archived)</a></li><li class="unpaywall display-none" data-doi="10.3217%2Fjucs-006-01-0005"><a href="https://unpaywall.org/10.3217%2Fjucs-006-01-0005"><img alt="" class="icon" src="https://dblp.uni-trier.de/img/paper-unpaywall.dark.16x16.png"/>unpaywalled version</a></li><li class="details"><a href="https://dblp.uni-trier.de/rec/journals/jucs/CazanescuR00.html"><img alt="" class="icon" src="https://dblp.uni-trier.de/img/info.dark.16x16.png"/>references &amp; citations</a></li></ul><p><em>authority control:</em></p><ul><li class="wrap"><a href="https://api.crossref.org/works/10.3217%2Fjucs-006-01-0005"><img alt="Crossref API" class="icon" src="https://dblp.uni-trier.de/img/crossref.dark.16x16.png" title="Crossref API"/></a><a href="https://api.openalex.org/works/doi:10.3217%2Fjucs-006-01-0005"><img alt="OpenAlex API" class="icon" src="https://dblp.uni-trier.de/img/openalex.dark.16x16.png" title="OpenAlex API"/></a></li></ul><span class="Z3988" title="ctx_ver=Z39.88-2004&amp;rfr_id=info%3Asid%2Fdblp.org%3Ajournals/jucs/CazanescuR00&amp;rft.au=Virgil+Emil+Cazanescu&amp;rft.atitle=Weak+Inclusion+Systems%3A+Part+Two.&amp;rft.jtitle=J.+Univers.+Comput.+Sci.&amp;rft.volume=6&amp;rft.issue=1&amp;rft.date=2000&amp;rft.pages=5-21&amp;rft_id=info%3Adoi%2F10.3217%2Fjucs-006-01-0005&amp;rft_val_fmt=info%3Aofi%2Ffmt%3Akev%3Amtx%3Ajournal"><span style="display:none;"> </span></span></div></li><li class="drop-down"><div class="head"><a href="https://dblp.uni-trier.de/rec/journals/jucs/CazanescuR00.html?view=bibtex"><img alt="" class="icon" src="https://dblp.uni-trier.de/img/download.dark.hollow.16x16.png"/></a></div><div class="body"><p><b>export record</b></p><ul><li><a href="https://dblp.uni-trier.de/rec/journals/jucs/CazanescuR00.html?view=bibtex"><img alt="" class="icon" src="https://dblp.uni-trier.de/img/bibtex.dark.16x16.png"/>BibTeX</a></li><li><a href="https://dblp.uni-trier.de/rec/journals/jucs/CazanescuR00.ris"><img alt="" class="icon" src="https://dblp.uni-trier.de/img/endnote.dark.16x16.png"/>RIS</a></li><li><a href="https://dblp.uni-trier.de/rec/journals/jucs/CazanescuR00.nt"><img alt="" class="icon" src="https://dblp.uni-trier.de/img/rdf.dark.16x16.png"/>RDF N-Triples</a></li><li><a href="https://dblp.uni-trier.de/rec/journals/jucs/CazanescuR00.ttl"><img alt="" class="icon" src="https://dblp.uni-trier.de/img/rdf.dark.16x16.png"/>RDF Turtle</a></li><li><a href="https://dblp.uni-trier.de/rec/journals/jucs/CazanescuR00.rdf"><img alt="" class="icon" src="https://dblp.uni-trier.de/img/rdf.dark.16x16.png"/>RDF/XML</a></li><li><a href="https://dblp.uni-trier.de/rec/journals/jucs/CazanescuR00.xml"><img alt="" class="icon" src="https://dblp.uni-trier.de/img/xml.dark.16x16.png"/>XML</a></li></ul><p><em>dblp key:</em></p><ul class="bullets"><li class="select-on-click"><small>journals/jucs/CazanescuR00</small></li></ul></div></li><li class="drop-down"><div class="head"><a href="https://google.com/search?q=Weak+Inclusion+Systems%3A+Part+Two."><img alt="" class="icon" src="https://dblp.uni-trier.de/img/search-external.dark.hollow.16x16.png"/></a></div><div class="body"><p><b>ask others</b></p><ul><li><a href="https://google.com/search?q=Weak+Inclusion+Systems%3A+Part+Two."><img alt="" class="icon" src="https://dblp.uni-trier.de/img/google.dark.16x16.png"/>Google</a></li><li><a href="https://scholar.google.com/scholar?q=Weak+Inclusion+Systems%3A+Part+Two."><img alt="" class="icon" src="https://dblp.uni-trier.de/img/google-scholar.dark.16x16.png"/>Google Scholar</a></li><li><a href="https://www.semanticscholar.org/search?q=Weak+Inclusion+Systems%3A+Part+Two."><img alt="" class="icon" src="https://dblp.uni-trier.de/img/semscholar.dark.16x16.png"/>Semantic Scholar</a></li><li><a href="https://scholar.archive.org/search?q=Weak+Inclusion+Systems%3A+Part+Two." rel="nofollow"><img alt="" class="icon" src="https://dblp.uni-trier.de/img/internetarchive.dark.16x16.png"/>Internet Archive Scholar</a></li><li><a href="https://citeseerx.ist.psu.edu/search?q=Weak+Inclusion+Systems%3A+Part+Two."><img alt="" class="icon" src="https://dblp.uni-trier.de/img/citeseer.dark.16x16.png"/>CiteSeerX</a></li></ul></div></li><li class="drop-down"><div class="head"><a href="https://twitter.com/intent/tweet?url=https%3A%2F%2Fdoi.org%2F10.3217%2Fjucs-006-01-0005&amp;text=%22Weak+Inclusion+Systems%3A+Part+Two.%22&amp;hashtags=dblp&amp;related=dblp_org"><img alt="" class="icon" src="https://dblp.uni-trier.de/img/link.dark.hollow.16x16.png"/></a></div><div class="body"><p><b>share record</b></p><ul><li><a href="https://twitter.com/intent/tweet?url=https%3A%2F%2Fdoi.org%2F10.3217%2Fjucs-006-01-0005&amp;text=%22Weak+Inclusion+Systems%3A+Part+Two.%22&amp;hashtags=dblp&amp;related=dblp_org"><img alt="" class="icon" src="https://dblp.uni-trier.de/img/twitterbird.dark.16x16.png"/>Twitter</a></li><li><a href="https://www.reddit.com/submit?url=https%3A%2F%2Fdoi.org%2F10.3217%2Fjucs-006-01-0005&amp;title=%22Weak+Inclusion+Systems%3A+Part+Two.%22"><img alt="" class="icon" src="https://dblp.uni-trier.de/img/reddit.dark.16x16.png"/>Reddit</a></li><li><a href="https://www.bibsonomy.org/editPublication?url=https%3A%2F%2Fdoi.org%2F10.3217%2Fjucs-006-01-0005"><img alt="" class="icon" src="https://dblp.uni-trier.de/img/bibsonomy.dark.16x16.png"/>BibSonomy</a></li><li><a href="https://www.linkedin.com/shareArticle?mini=true&amp;url=https%3A%2F%2Fdoi.org%2F10.3217%2Fjucs-006-01-0005&amp;title=%22Weak+Inclusion+Systems%3A+Part+Two.%22&amp;source=dblp+computer+science+bibliography"><img alt="" class="icon" src="https://dblp.uni-trier.de/img/linkedin.dark.16x16.png"/>LinkedIn</a></li><li><a href="https://www.facebook.com/sharer/sharer.php?u=https%3A%2F%2Fdoi.org%2F10.3217%2Fjucs-006-01-0005"><img alt="" class="icon" src="https://dblp.uni-trier.de/img/facebook.dark.16x16.png"/>Facebook</a></li></ul><p><em>persistent URL:</em></p><ul class="bullets"><li class="select-on-click"><small>https://dblp.org/rec/journals/jucs/CazanescuR00</small></li></ul></div></li></ul></nav><cite class="data tts-content" itemprop="headline"><span itemprop="author" itemscope="" itemtype="http://schema.org/Person"><span class="this-person" itemprop="name">Virgil Emil Cazanescu</span></span>, <span itemprop="author" itemscope="" itemtype="http://schema.org/Person"><a href="https://dblp.uni-trier.de/pid/r/GrigoreRosu.html" itemprop="url"><span itemprop="name" title="Grigore Rosu">Grigore Rosu</span></a></span>:<br/> <span class="title" itemprop="name">Weak Inclusion Systems: Part Two.</span> <a href="https://dblp.uni-trier.de/db/journals/jucs/jucs6.html#CazanescuR00"><span itemprop="isPartOf" itemscope="" itemtype="http://schema.org/Periodical"><span itemprop="name">J. Univers. Comput. Sci.</span></span> <span itemprop="isPartOf" itemscope="" itemtype="http://schema.org/PublicationVolume"><span itemprop="volumeNumber">6</span></span>(<span itemprop="isPartOf" itemscope="" itemtype="http://schema.org/PublicationIssue"><span itemprop="issueNumber">1</span></span>)</a>: <span itemprop="pagination">5-21</span> (<span itemprop="datePublished">2000</span>)<img alt="text to speech" class="tts-button" src="https://dblp.uni-trier.de/img/audio.dark.16x16.png" title="text-to-speech"/></cite><meta content="computer science" property="genre"/></link></li></ul></div></div><div class="hideable"><header class="hide-head" id="the1990s"><h2>1990 – 1999</h2> <div class="drop-down faq"><div class="head"><a href="https://dblp.uni-trier.de/faq/"><img alt="FAQ" src="https://dblp.uni-trier.de/img/faq-mark.dark.12x12.png"/></a></div><div class="body"><b>see FAQ</b><ul><li><a href="https://dblp.uni-trier.de/faq/1474790">What is the meaning of the colors in the publication lists?</a></li></ul></div></div></header><div class="hide-body"><ul class="publ-list"><li class="year">1997</li><li class="entry article toc" id="journals/mscs/CazanescuR97" itemscope="" itemtype="http://schema.org/ScholarlyArticle"><link href="https://dblp.org/rdf/schema#Publication" itemprop="additionalType"><div class="box"><img alt="" src="https://dblp.uni-trier.de/img/n.png" title="Journal Articles"/></div><div class="nr" id="j9">[j9]</div><nav class="publ"><ul><li class="drop-down"><div class="head"><a href="https://doi.org/10.1017/S0960129596002253"><img alt="" class="icon" itemprop="image" src="https://dblp.uni-trier.de/img/paper.dark.hollow.16x16.png"/></a></div><div class="body"><p><b>view</b></p><ul><li class="ee"><a href="https://doi.org/10.1017/S0960129596002253" itemprop="url"><img alt="" class="icon" src="https://dblp.uni-trier.de/img/paper.dark.16x16.png"/>electronic edition via DOI</a></li><li class="unpaywall display-none" data-doi="10.1017%2FS0960129596002253"><a href="https://unpaywall.org/10.1017%2FS0960129596002253"><img alt="" class="icon" src="https://dblp.uni-trier.de/img/paper-unpaywall.dark.16x16.png"/>unpaywalled version</a></li><li class="details"><a href="https://dblp.uni-trier.de/rec/journals/mscs/CazanescuR97.html"><img alt="" class="icon" src="https://dblp.uni-trier.de/img/info.dark.16x16.png"/>references &amp; citations</a></li></ul><p><em>authority control:</em></p><ul><li class="wrap"><a href="https://api.crossref.org/works/10.1017%2FS0960129596002253"><img alt="Crossref API" class="icon" src="https://dblp.uni-trier.de/img/crossref.dark.16x16.png" title="Crossref API"/></a><a href="https://api.openalex.org/works/doi:10.1017%2FS0960129596002253"><img alt="OpenAlex API" class="icon" src="https://dblp.uni-trier.de/img/openalex.dark.16x16.png" title="OpenAlex API"/></a></li></ul><span class="Z3988" title="ctx_ver=Z39.88-2004&amp;rfr_id=info%3Asid%2Fdblp.org%3Ajournals/mscs/CazanescuR97&amp;rft.au=Virgil+Emil+Cazanescu&amp;rft.atitle=Weak+Inclusion+Systems.&amp;rft.jtitle=Math.+Struct.+Comput.+Sci.&amp;rft.volume=7&amp;rft.issue=2&amp;rft.date=1997&amp;rft.pages=195-206&amp;rft_id=info%3Adoi%2F10.1017%2FS0960129596002253&amp;rft_val_fmt=info%3Aofi%2Ffmt%3Akev%3Amtx%3Ajournal"><span style="display:none;"> </span></span></div></li><li class="drop-down"><div class="head"><a href="https://dblp.uni-trier.de/rec/journals/mscs/CazanescuR97.html?view=bibtex"><img alt="" class="icon" src="https://dblp.uni-trier.de/img/download.dark.hollow.16x16.png"/></a></div><div class="body"><p><b>export record</b></p><ul><li><a href="https://dblp.uni-trier.de/rec/journals/mscs/CazanescuR97.html?view=bibtex"><img alt="" class="icon" src="https://dblp.uni-trier.de/img/bibtex.dark.16x16.png"/>BibTeX</a></li><li><a href="https://dblp.uni-trier.de/rec/journals/mscs/CazanescuR97.ris"><img alt="" class="icon" src="https://dblp.uni-trier.de/img/endnote.dark.16x16.png"/>RIS</a></li><li><a href="https://dblp.uni-trier.de/rec/journals/mscs/CazanescuR97.nt"><img alt="" class="icon" src="https://dblp.uni-trier.de/img/rdf.dark.16x16.png"/>RDF N-Triples</a></li><li><a href="https://dblp.uni-trier.de/rec/journals/mscs/CazanescuR97.ttl"><img alt="" class="icon" src="https://dblp.uni-trier.de/img/rdf.dark.16x16.png"/>RDF Turtle</a></li><li><a href="https://dblp.uni-trier.de/rec/journals/mscs/CazanescuR97.rdf"><img alt="" class="icon" src="https://dblp.uni-trier.de/img/rdf.dark.16x16.png"/>RDF/XML</a></li><li><a href="https://dblp.uni-trier.de/rec/journals/mscs/CazanescuR97.xml"><img alt="" class="icon" src="https://dblp.uni-trier.de/img/xml.dark.16x16.png"/>XML</a></li></ul><p><em>dblp key:</em></p><ul class="bullets"><li class="select-on-click"><small>journals/mscs/CazanescuR97</small></li></ul></div></li><li class="drop-down"><div class="head"><a href="https://google.com/search?q=Weak+Inclusion+Systems."><img alt="" class="icon" src="https://dblp.uni-trier.de/img/search-external.dark.hollow.16x16.png"/></a></div><div class="body"><p><b>ask others</b></p><ul><li><a href="https://google.com/search?q=Weak+Inclusion+Systems."><img alt="" class="icon" src="https://dblp.uni-trier.de/img/google.dark.16x16.png"/>Google</a></li><li><a href="https://scholar.google.com/scholar?q=Weak+Inclusion+Systems."><img alt="" class="icon" src="https://dblp.uni-trier.de/img/google-scholar.dark.16x16.png"/>Google Scholar</a></li><li><a href="https://www.semanticscholar.org/search?q=Weak+Inclusion+Systems."><img alt="" class="icon" src="https://dblp.uni-trier.de/img/semscholar.dark.16x16.png"/>Semantic Scholar</a></li><li><a href="https://scholar.archive.org/search?q=Weak+Inclusion+Systems." rel="nofollow"><img alt="" class="icon" src="https://dblp.uni-trier.de/img/internetarchive.dark.16x16.png"/>Internet Archive Scholar</a></li><li><a href="https://citeseerx.ist.psu.edu/search?q=Weak+Inclusion+Systems."><img alt="" class="icon" src="https://dblp.uni-trier.de/img/citeseer.dark.16x16.png"/>CiteSeerX</a></li></ul></div></li><li class="drop-down"><div class="head"><a href="https://twitter.com/intent/tweet?url=https%3A%2F%2Fdoi.org%2F10.1017%2FS0960129596002253&amp;text=%22Weak+Inclusion+Systems.%22&amp;hashtags=dblp&amp;related=dblp_org"><img alt="" class="icon" src="https://dblp.uni-trier.de/img/link.dark.hollow.16x16.png"/></a></div><div class="body"><p><b>share record</b></p><ul><li><a href="https://twitter.com/intent/tweet?url=https%3A%2F%2Fdoi.org%2F10.1017%2FS0960129596002253&amp;text=%22Weak+Inclusion+Systems.%22&amp;hashtags=dblp&amp;related=dblp_org"><img alt="" class="icon" src="https://dblp.uni-trier.de/img/twitterbird.dark.16x16.png"/>Twitter</a></li><li><a href="https://www.reddit.com/submit?url=https%3A%2F%2Fdoi.org%2F10.1017%2FS0960129596002253&amp;title=%22Weak+Inclusion+Systems.%22"><img alt="" class="icon" src="https://dblp.uni-trier.de/img/reddit.dark.16x16.png"/>Reddit</a></li><li><a href="https://www.bibsonomy.org/editPublication?url=https%3A%2F%2Fdoi.org%2F10.1017%2FS0960129596002253"><img alt="" class="icon" src="https://dblp.uni-trier.de/img/bibsonomy.dark.16x16.png"/>BibSonomy</a></li><li><a href="https://www.linkedin.com/shareArticle?mini=true&amp;url=https%3A%2F%2Fdoi.org%2F10.1017%2FS0960129596002253&amp;title=%22Weak+Inclusion+Systems.%22&amp;source=dblp+computer+science+bibliography"><img alt="" class="icon" src="https://dblp.uni-trier.de/img/linkedin.dark.16x16.png"/>LinkedIn</a></li><li><a href="https://www.facebook.com/sharer/sharer.php?u=https%3A%2F%2Fdoi.org%2F10.1017%2FS0960129596002253"><img alt="" class="icon" src="https://dblp.uni-trier.de/img/facebook.dark.16x16.png"/>Facebook</a></li></ul><p><em>persistent URL:</em></p><ul class="bullets"><li class="select-on-click"><small>https://dblp.org/rec/journals/mscs/CazanescuR97</small></li></ul></div></li></ul></nav><cite class="data tts-content" itemprop="headline"><span itemprop="author" itemscope="" itemtype="http://schema.org/Person"><span class="this-person" itemprop="name">Virgil Emil Cazanescu</span></span>, <span itemprop="author" itemscope="" itemtype="http://schema.org/Person"><a href="https://dblp.uni-trier.de/pid/r/GrigoreRosu.html" itemprop="url"><span itemprop="name" title="Grigore Rosu">Grigore Rosu</span></a></span>:<br/> <span class="title" itemprop="name">Weak Inclusion Systems.</span> <a href="https://dblp.uni-trier.de/db/journals/mscs/mscs7.html#CazanescuR97"><span itemprop="isPartOf" itemscope="" itemtype="http://schema.org/Periodical"><span itemprop="name">Math. Struct. Comput. Sci.</span></span> <span itemprop="isPartOf" itemscope="" itemtype="http://schema.org/PublicationVolume"><span itemprop="volumeNumber">7</span></span>(<span itemprop="isPartOf" itemscope="" itemtype="http://schema.org/PublicationIssue"><span itemprop="issueNumber">2</span></span>)</a>: <span itemprop="pagination">195-206</span> (<span itemprop="datePublished">1997</span>)<img alt="text to speech" class="tts-button" src="https://dblp.uni-trier.de/img/audio.dark.16x16.png" title="text-to-speech"/></cite><meta content="computer science" property="genre"/></link></li><li class="entry inproceedings toc" id="conf/birthday/Cazanescu97" itemscope="" itemtype="http://schema.org/ScholarlyArticle"><link href="https://dblp.org/rdf/schema#Publication" itemprop="additionalType"><div class="box"><img alt="" src="https://dblp.uni-trier.de/img/n.png" title="Conference and Workshop Papers"/></div><div class="nr" id="c4">[c4]</div><nav class="publ"><ul><li class="drop-down"><div class="head"><a href="https://doi.org/10.1007/3-540-62844-4_30"><img alt="" class="icon" itemprop="image" src="https://dblp.uni-trier.de/img/paper.dark.hollow.16x16.png"/></a></div><div class="body"><p><b>view</b></p><ul><li class="ee"><a href="https://doi.org/10.1007/3-540-62844-4_30" itemprop="url"><img alt="" class="icon" src="https://dblp.uni-trier.de/img/paper.dark.16x16.png"/>electronic edition via DOI</a></li><li class="unpaywall display-none" data-doi="10.1007%2F3-540-62844-4_30"><a href="https://unpaywall.org/10.1007%2F3-540-62844-4_30"><img alt="" class="icon" src="https://dblp.uni-trier.de/img/paper-unpaywall.dark.16x16.png"/>unpaywalled version</a></li><li class="details"><a href="https://dblp.uni-trier.de/rec/conf/birthday/Cazanescu97.html"><img alt="" class="icon" src="https://dblp.uni-trier.de/img/info.dark.16x16.png"/>references &amp; citations</a></li></ul><p><em>authority control:</em></p><ul><li class="wrap"><a href="https://api.crossref.org/works/10.1007%2F3-540-62844-4_30"><img alt="Crossref API" class="icon" src="https://dblp.uni-trier.de/img/crossref.dark.16x16.png" title="Crossref API"/></a><a href="https://api.openalex.org/works/doi:10.1007%2F3-540-62844-4_30"><img alt="OpenAlex API" class="icon" src="https://dblp.uni-trier.de/img/openalex.dark.16x16.png" title="OpenAlex API"/></a></li></ul><span class="Z3988" title="ctx_ver=Z39.88-2004&amp;rfr_id=info%3Asid%2Fdblp.org%3Aconf/birthday/Cazanescu97&amp;rft.au=Virgil+Emil+Cazanescu&amp;rft.atitle=The+Structure+of+the+Basic+Morphisms.&amp;rft.btitle=New+Trends+in+Formal+Languages&amp;rft.date=1997&amp;rft.pages=422-429&amp;rft_id=info%3Adoi%2F10.1007%2F3-540-62844-4_30&amp;rft_val_fmt=info%3Aofi%2Ffmt%3Akev%3Amtx%3Ajournal"><span style="display:none;"> </span></span></div></li><li class="drop-down"><div class="head"><a href="https://dblp.uni-trier.de/rec/conf/birthday/Cazanescu97.html?view=bibtex"><img alt="" class="icon" src="https://dblp.uni-trier.de/img/download.dark.hollow.16x16.png"/></a></div><div class="body"><p><b>export record</b></p><ul><li><a href="https://dblp.uni-trier.de/rec/conf/birthday/Cazanescu97.html?view=bibtex"><img alt="" class="icon" src="https://dblp.uni-trier.de/img/bibtex.dark.16x16.png"/>BibTeX</a></li><li><a href="https://dblp.uni-trier.de/rec/conf/birthday/Cazanescu97.ris"><img alt="" class="icon" src="https://dblp.uni-trier.de/img/endnote.dark.16x16.png"/>RIS</a></li><li><a href="https://dblp.uni-trier.de/rec/conf/birthday/Cazanescu97.nt"><img alt="" class="icon" src="https://dblp.uni-trier.de/img/rdf.dark.16x16.png"/>RDF N-Triples</a></li><li><a href="https://dblp.uni-trier.de/rec/conf/birthday/Cazanescu97.ttl"><img alt="" class="icon" src="https://dblp.uni-trier.de/img/rdf.dark.16x16.png"/>RDF Turtle</a></li><li><a href="https://dblp.uni-trier.de/rec/conf/birthday/Cazanescu97.rdf"><img alt="" class="icon" src="https://dblp.uni-trier.de/img/rdf.dark.16x16.png"/>RDF/XML</a></li><li><a href="https://dblp.uni-trier.de/rec/conf/birthday/Cazanescu97.xml"><img alt="" class="icon" src="https://dblp.uni-trier.de/img/xml.dark.16x16.png"/>XML</a></li></ul><p><em>dblp key:</em></p><ul class="bullets"><li class="select-on-click"><small>conf/birthday/Cazanescu97</small></li></ul></div></li><li class="drop-down"><div class="head"><a href="https://google.com/search?q=The+Structure+of+the+Basic+Morphisms."><img alt="" class="icon" src="https://dblp.uni-trier.de/img/search-external.dark.hollow.16x16.png"/></a></div><div class="body"><p><b>ask others</b></p><ul><li><a href="https://google.com/search?q=The+Structure+of+the+Basic+Morphisms."><img alt="" class="icon" src="https://dblp.uni-trier.de/img/google.dark.16x16.png"/>Google</a></li><li><a href="https://scholar.google.com/scholar?q=The+Structure+of+the+Basic+Morphisms."><img alt="" class="icon" src="https://dblp.uni-trier.de/img/google-scholar.dark.16x16.png"/>Google Scholar</a></li><li><a href="https://www.semanticscholar.org/search?q=The+Structure+of+the+Basic+Morphisms."><img alt="" class="icon" src="https://dblp.uni-trier.de/img/semscholar.dark.16x16.png"/>Semantic Scholar</a></li><li><a href="https://scholar.archive.org/search?q=The+Structure+of+the+Basic+Morphisms." rel="nofollow"><img alt="" class="icon" src="https://dblp.uni-trier.de/img/internetarchive.dark.16x16.png"/>Internet Archive Scholar</a></li><li><a href="https://citeseerx.ist.psu.edu/search?q=The+Structure+of+the+Basic+Morphisms."><img alt="" class="icon" src="https://dblp.uni-trier.de/img/citeseer.dark.16x16.png"/>CiteSeerX</a></li></ul></div></li><li class="drop-down"><div class="head"><a href="https://twitter.com/intent/tweet?url=https%3A%2F%2Fdoi.org%2F10.1007%2F3-540-62844-4_30&amp;text=%22The+Structure+of+the+Basic+Morphisms.%22&amp;hashtags=dblp&amp;related=dblp_org"><img alt="" class="icon" src="https://dblp.uni-trier.de/img/link.dark.hollow.16x16.png"/></a></div><div class="body"><p><b>share record</b></p><ul><li><a href="https://twitter.com/intent/tweet?url=https%3A%2F%2Fdoi.org%2F10.1007%2F3-540-62844-4_30&amp;text=%22The+Structure+of+the+Basic+Morphisms.%22&amp;hashtags=dblp&amp;related=dblp_org"><img alt="" class="icon" src="https://dblp.uni-trier.de/img/twitterbird.dark.16x16.png"/>Twitter</a></li><li><a href="https://www.reddit.com/submit?url=https%3A%2F%2Fdoi.org%2F10.1007%2F3-540-62844-4_30&amp;title=%22The+Structure+of+the+Basic+Morphisms.%22"><img alt="" class="icon" src="https://dblp.uni-trier.de/img/reddit.dark.16x16.png"/>Reddit</a></li><li><a href="https://www.bibsonomy.org/editPublication?url=https%3A%2F%2Fdoi.org%2F10.1007%2F3-540-62844-4_30"><img alt="" class="icon" src="https://dblp.uni-trier.de/img/bibsonomy.dark.16x16.png"/>BibSonomy</a></li><li><a href="https://www.linkedin.com/shareArticle?mini=true&amp;url=https%3A%2F%2Fdoi.org%2F10.1007%2F3-540-62844-4_30&amp;title=%22The+Structure+of+the+Basic+Morphisms.%22&amp;source=dblp+computer+science+bibliography"><img alt="" class="icon" src="https://dblp.uni-trier.de/img/linkedin.dark.16x16.png"/>LinkedIn</a></li><li><a href="https://www.facebook.com/sharer/sharer.php?u=https%3A%2F%2Fdoi.org%2F10.1007%2F3-540-62844-4_30"><img alt="" class="icon" src="https://dblp.uni-trier.de/img/facebook.dark.16x16.png"/>Facebook</a></li></ul><p><em>persistent URL:</em></p><ul class="bullets"><li class="select-on-click"><small>https://dblp.org/rec/conf/birthday/Cazanescu97</small></li></ul></div></li></ul></nav><cite class="data tts-content" itemprop="headline"><span itemprop="author" itemscope="" itemtype="http://schema.org/Person"><span class="this-person" itemprop="name">Virgil Emil Cazanescu</span></span>:<br/> <span class="title" itemprop="name">The Structure of the Basic Morphisms.</span> <a href="https://dblp.uni-trier.de/db/conf/birthday/dassow1997.html#Cazanescu97"><span itemprop="isPartOf" itemscope="" itemtype="http://schema.org/BookSeries"><span itemprop="name">New Trends in Formal Languages</span></span> <span itemprop="datePublished">1997</span></a>: <span itemprop="pagination">422-429</span><img alt="text to speech" class="tts-button" src="https://dblp.uni-trier.de/img/audio.dark.16x16.png" title="text-to-speech"/></cite><meta content="computer science" property="genre"/></link></li><li class="year">1994</li><li class="entry article toc" id="journals/dm/CazanescuS94" itemscope="" itemtype="http://schema.org/ScholarlyArticle"><link href="https://dblp.org/rdf/schema#Publication" itemprop="additionalType"><div class="box"><img alt="" src="https://dblp.uni-trier.de/img/n.png" title="Journal Articles"/></div><div class="nr" id="j8">[j8]</div><nav class="publ"><ul><li class="drop-down"><div class="head"><a href="https://doi.org/10.1016/0012-365X(94)90252-6"><img alt="" class="icon" itemprop="image" src="https://dblp.uni-trier.de/img/paper-oa.dark.hollow.16x16.png"/></a></div><div class="body"><p><b>view</b></p><ul><li class="ee"><a href="https://doi.org/10.1016/0012-365X(94)90252-6" itemprop="url"><img alt="" class="icon" src="https://dblp.uni-trier.de/img/paper-oa.dark.16x16.png"/>electronic edition via DOI (open access)</a></li><li class="details"><a href="https://dblp.uni-trier.de/rec/journals/dm/CazanescuS94.html"><img alt="" class="icon" src="https://dblp.uni-trier.de/img/info.dark.16x16.png"/>references &amp; citations</a></li></ul><p><em>authority control:</em></p><ul><li class="wrap"><a href="https://api.crossref.org/works/10.1016%2F0012-365X%2894%2990252-6"><img alt="Crossref API" class="icon" src="https://dblp.uni-trier.de/img/crossref.dark.16x16.png" title="Crossref API"/></a><a href="https://api.openalex.org/works/doi:10.1016%2F0012-365X%2894%2990252-6"><img alt="OpenAlex API" class="icon" src="https://dblp.uni-trier.de/img/openalex.dark.16x16.png" title="OpenAlex API"/></a></li></ul><span class="Z3988" title="ctx_ver=Z39.88-2004&amp;rfr_id=info%3Asid%2Fdblp.org%3Ajournals/dm/CazanescuS94&amp;rft.au=Virgil+Emil+Cazanescu&amp;rft.atitle=Classes+of+finite+relations+as+initial+abstract+data+types+-+II.&amp;rft.jtitle=Discret.+Math.&amp;rft.volume=126&amp;rft.issue=1-3&amp;rft.date=1994&amp;rft.pages=47-65&amp;rft_id=info%3Adoi%2F10.1016%2F0012-365X%2894%2990252-6&amp;rft_val_fmt=info%3Aofi%2Ffmt%3Akev%3Amtx%3Ajournal"><span style="display:none;"> </span></span></div></li><li class="drop-down"><div class="head"><a href="https://dblp.uni-trier.de/rec/journals/dm/CazanescuS94.html?view=bibtex"><img alt="" class="icon" src="https://dblp.uni-trier.de/img/download.dark.hollow.16x16.png"/></a></div><div class="body"><p><b>export record</b></p><ul><li><a href="https://dblp.uni-trier.de/rec/journals/dm/CazanescuS94.html?view=bibtex"><img alt="" class="icon" src="https://dblp.uni-trier.de/img/bibtex.dark.16x16.png"/>BibTeX</a></li><li><a href="https://dblp.uni-trier.de/rec/journals/dm/CazanescuS94.ris"><img alt="" class="icon" src="https://dblp.uni-trier.de/img/endnote.dark.16x16.png"/>RIS</a></li><li><a href="https://dblp.uni-trier.de/rec/journals/dm/CazanescuS94.nt"><img alt="" class="icon" src="https://dblp.uni-trier.de/img/rdf.dark.16x16.png"/>RDF N-Triples</a></li><li><a href="https://dblp.uni-trier.de/rec/journals/dm/CazanescuS94.ttl"><img alt="" class="icon" src="https://dblp.uni-trier.de/img/rdf.dark.16x16.png"/>RDF Turtle</a></li><li><a href="https://dblp.uni-trier.de/rec/journals/dm/CazanescuS94.rdf"><img alt="" class="icon" src="https://dblp.uni-trier.de/img/rdf.dark.16x16.png"/>RDF/XML</a></li><li><a href="https://dblp.uni-trier.de/rec/journals/dm/CazanescuS94.xml"><img alt="" class="icon" src="https://dblp.uni-trier.de/img/xml.dark.16x16.png"/>XML</a></li></ul><p><em>dblp key:</em></p><ul class="bullets"><li class="select-on-click"><small>journals/dm/CazanescuS94</small></li></ul></div></li><li class="drop-down"><div class="head"><a href="https://google.com/search?q=Classes+of+finite+relations+as+initial+abstract+data+types+-+II."><img alt="" class="icon" src="https://dblp.uni-trier.de/img/search-external.dark.hollow.16x16.png"/></a></div><div class="body"><p><b>ask others</b></p><ul><li><a href="https://google.com/search?q=Classes+of+finite+relations+as+initial+abstract+data+types+-+II."><img alt="" class="icon" src="https://dblp.uni-trier.de/img/google.dark.16x16.png"/>Google</a></li><li><a href="https://scholar.google.com/scholar?q=Classes+of+finite+relations+as+initial+abstract+data+types+-+II."><img alt="" class="icon" src="https://dblp.uni-trier.de/img/google-scholar.dark.16x16.png"/>Google Scholar</a></li><li><a href="https://www.semanticscholar.org/search?q=Classes+of+finite+relations+as+initial+abstract+data+types+-+II."><img alt="" class="icon" src="https://dblp.uni-trier.de/img/semscholar.dark.16x16.png"/>Semantic Scholar</a></li><li><a href="https://scholar.archive.org/search?q=Classes+of+finite+relations+as+initial+abstract+data+types+-+II." rel="nofollow"><img alt="" class="icon" src="https://dblp.uni-trier.de/img/internetarchive.dark.16x16.png"/>Internet Archive Scholar</a></li><li><a href="https://citeseerx.ist.psu.edu/search?q=Classes+of+finite+relations+as+initial+abstract+data+types+-+II."><img alt="" class="icon" src="https://dblp.uni-trier.de/img/citeseer.dark.16x16.png"/>CiteSeerX</a></li></ul></div></li><li class="drop-down"><div class="head"><a href="https://twitter.com/intent/tweet?url=https%3A%2F%2Fdoi.org%2F10.1016%2F0012-365X%2894%2990252-6&amp;text=%22Classes+of+finite+relations+as+initial+abstract+data+types+-+II.%22&amp;hashtags=dblp&amp;related=dblp_org"><img alt="" class="icon" src="https://dblp.uni-trier.de/img/link.dark.hollow.16x16.png"/></a></div><div class="body"><p><b>share record</b></p><ul><li><a href="https://twitter.com/intent/tweet?url=https%3A%2F%2Fdoi.org%2F10.1016%2F0012-365X%2894%2990252-6&amp;text=%22Classes+of+finite+relations+as+initial+abstract+data+types+-+II.%22&amp;hashtags=dblp&amp;related=dblp_org"><img alt="" class="icon" src="https://dblp.uni-trier.de/img/twitterbird.dark.16x16.png"/>Twitter</a></li><li><a href="https://www.reddit.com/submit?url=https%3A%2F%2Fdoi.org%2F10.1016%2F0012-365X%2894%2990252-6&amp;title=%22Classes+of+finite+relations+as+initial+abstract+data+types+-+II.%22"><img alt="" class="icon" src="https://dblp.uni-trier.de/img/reddit.dark.16x16.png"/>Reddit</a></li><li><a href="https://www.bibsonomy.org/editPublication?url=https%3A%2F%2Fdoi.org%2F10.1016%2F0012-365X%2894%2990252-6"><img alt="" class="icon" src="https://dblp.uni-trier.de/img/bibsonomy.dark.16x16.png"/>BibSonomy</a></li><li><a href="https://www.linkedin.com/shareArticle?mini=true&amp;url=https%3A%2F%2Fdoi.org%2F10.1016%2F0012-365X%2894%2990252-6&amp;title=%22Classes+of+finite+relations+as+initial+abstract+data+types+-+II.%22&amp;source=dblp+computer+science+bibliography"><img alt="" class="icon" src="https://dblp.uni-trier.de/img/linkedin.dark.16x16.png"/>LinkedIn</a></li><li><a href="https://www.facebook.com/sharer/sharer.php?u=https%3A%2F%2Fdoi.org%2F10.1016%2F0012-365X%2894%2990252-6"><img alt="" class="icon" src="https://dblp.uni-trier.de/img/facebook.dark.16x16.png"/>Facebook</a></li></ul><p><em>persistent URL:</em></p><ul class="bullets"><li class="select-on-click"><small>https://dblp.org/rec/journals/dm/CazanescuS94</small></li></ul></div></li></ul></nav><cite class="data tts-content" itemprop="headline"><span itemprop="author" itemscope="" itemtype="http://schema.org/Person"><span class="this-person" itemprop="name">Virgil Emil Cazanescu</span></span>, <span itemprop="author" itemscope="" itemtype="http://schema.org/Person"><a href="https://dblp.uni-trier.de/pid/91/5802.html" itemprop="url"><span itemprop="name" title="Gheorghe Stefanescu">Gheorghe Stefanescu</span></a></span>:<br/> <span class="title" itemprop="name">Classes of finite relations as initial abstract data types - II.</span> <a href="https://dblp.uni-trier.de/db/journals/dm/dm126.html#CazanescuS94"><span itemprop="isPartOf" itemscope="" itemtype="http://schema.org/Periodical"><span itemprop="name">Discret. Math.</span></span> <span itemprop="isPartOf" itemscope="" itemtype="http://schema.org/PublicationVolume"><span itemprop="volumeNumber">126</span></span>(<span itemprop="isPartOf" itemscope="" itemtype="http://schema.org/PublicationIssue"><span itemprop="issueNumber">1-3</span></span>)</a>: <span itemprop="pagination">47-65</span> (<span itemprop="datePublished">1994</span>)<img alt="text to speech" class="tts-button" src="https://dblp.uni-trier.de/img/audio.dark.16x16.png" title="text-to-speech"/></cite><meta content="computer science" property="genre"/></link></li><li class="entry incollection toc" id="books/ws/94/CazanescuS94" itemscope="" itemtype="http://schema.org/ScholarlyArticle"><link href="https://dblp.org/rdf/schema#Publication" itemprop="additionalType"><div class="box"><img alt="" src="https://dblp.uni-trier.de/img/n.png" title="Parts in Books or Collections"/></div><div class="nr" id="p1">[p1]</div><nav class="publ"><ul><li class="drop-down"><div class="head"><a href="https://doi.org/10.1142/9789814447133_0003"><img alt="" class="icon" itemprop="image" src="https://dblp.uni-trier.de/img/paper.dark.hollow.16x16.png"/></a></div><div class="body"><p><b>view</b></p><ul><li class="ee"><a href="https://doi.org/10.1142/9789814447133_0003" itemprop="url"><img alt="" class="icon" src="https://dblp.uni-trier.de/img/paper.dark.16x16.png"/>electronic edition via DOI</a></li><li class="unpaywall display-none" data-doi="10.1142%2F9789814447133_0003"><a href="https://unpaywall.org/10.1142%2F9789814447133_0003"><img alt="" class="icon" src="https://dblp.uni-trier.de/img/paper-unpaywall.dark.16x16.png"/>unpaywalled version</a></li><li class="details"><a href="https://dblp.uni-trier.de/rec/books/ws/94/CazanescuS94.html"><img alt="" class="icon" src="https://dblp.uni-trier.de/img/info.dark.16x16.png"/>references &amp; citations</a></li></ul><p><em>authority control:</em></p><ul><li class="wrap"><a href="https://api.crossref.org/works/10.1142%2F9789814447133_0003"><img alt="Crossref API" class="icon" src="https://dblp.uni-trier.de/img/crossref.dark.16x16.png" title="Crossref API"/></a><a href="https://api.openalex.org/works/doi:10.1142%2F9789814447133_0003"><img alt="OpenAlex API" class="icon" src="https://dblp.uni-trier.de/img/openalex.dark.16x16.png" title="OpenAlex API"/></a></li></ul><span class="Z3988" title="ctx_ver=Z39.88-2004&amp;rfr_id=info%3Asid%2Fdblp.org%3Abooks/ws/94/CazanescuS94&amp;rft.au=Virgil+Emil+Cazanescu&amp;rft.atitle=Feedback%2C+Iteration%2C+and+Repetition.&amp;rft.btitle=Mathematical+Aspects+of+Natural+and+Formal+Languages&amp;rft.date=1994&amp;rft.pages=43-61&amp;rft_id=info%3Adoi%2F10.1142%2F9789814447133_0003&amp;rft_val_fmt=info%3Aofi%2Ffmt%3Akev%3Amtx%3Ajournal"><span style="display:none;"> </span></span></div></li><li class="drop-down"><div class="head"><a href="https://dblp.uni-trier.de/rec/books/ws/94/CazanescuS94.html?view=bibtex"><img alt="" class="icon" src="https://dblp.uni-trier.de/img/download.dark.hollow.16x16.png"/></a></div><div class="body"><p><b>export record</b></p><ul><li><a href="https://dblp.uni-trier.de/rec/books/ws/94/CazanescuS94.html?view=bibtex"><img alt="" class="icon" src="https://dblp.uni-trier.de/img/bibtex.dark.16x16.png"/>BibTeX</a></li><li><a href="https://dblp.uni-trier.de/rec/books/ws/94/CazanescuS94.ris"><img alt="" class="icon" src="https://dblp.uni-trier.de/img/endnote.dark.16x16.png"/>RIS</a></li><li><a href="https://dblp.uni-trier.de/rec/books/ws/94/CazanescuS94.nt"><img alt="" class="icon" src="https://dblp.uni-trier.de/img/rdf.dark.16x16.png"/>RDF N-Triples</a></li><li><a href="https://dblp.uni-trier.de/rec/books/ws/94/CazanescuS94.ttl"><img alt="" class="icon" src="https://dblp.uni-trier.de/img/rdf.dark.16x16.png"/>RDF Turtle</a></li><li><a href="https://dblp.uni-trier.de/rec/books/ws/94/CazanescuS94.rdf"><img alt="" class="icon" src="https://dblp.uni-trier.de/img/rdf.dark.16x16.png"/>RDF/XML</a></li><li><a href="https://dblp.uni-trier.de/rec/books/ws/94/CazanescuS94.xml"><img alt="" class="icon" src="https://dblp.uni-trier.de/img/xml.dark.16x16.png"/>XML</a></li></ul><p><em>dblp key:</em></p><ul class="bullets"><li class="select-on-click"><small>books/ws/94/CazanescuS94</small></li></ul></div></li><li class="drop-down"><div class="head"><a href="https://google.com/search?q=Feedback%2C+Iteration%2C+and+Repetition."><img alt="" class="icon" src="https://dblp.uni-trier.de/img/search-external.dark.hollow.16x16.png"/></a></div><div class="body"><p><b>ask others</b></p><ul><li><a href="https://google.com/search?q=Feedback%2C+Iteration%2C+and+Repetition."><img alt="" class="icon" src="https://dblp.uni-trier.de/img/google.dark.16x16.png"/>Google</a></li><li><a href="https://scholar.google.com/scholar?q=Feedback%2C+Iteration%2C+and+Repetition."><img alt="" class="icon" src="https://dblp.uni-trier.de/img/google-scholar.dark.16x16.png"/>Google Scholar</a></li><li><a href="https://www.semanticscholar.org/search?q=Feedback%2C+Iteration%2C+and+Repetition."><img alt="" class="icon" src="https://dblp.uni-trier.de/img/semscholar.dark.16x16.png"/>Semantic Scholar</a></li><li><a href="https://scholar.archive.org/search?q=Feedback%2C+Iteration%2C+and+Repetition." rel="nofollow"><img alt="" class="icon" src="https://dblp.uni-trier.de/img/internetarchive.dark.16x16.png"/>Internet Archive Scholar</a></li><li><a href="https://citeseerx.ist.psu.edu/search?q=Feedback%2C+Iteration%2C+and+Repetition."><img alt="" class="icon" src="https://dblp.uni-trier.de/img/citeseer.dark.16x16.png"/>CiteSeerX</a></li></ul></div></li><li class="drop-down"><div class="head"><a href="https://twitter.com/intent/tweet?url=https%3A%2F%2Fdoi.org%2F10.1142%2F9789814447133_0003&amp;text=%22Feedback%2C+Iteration%2C+and+Repetition.%22&amp;hashtags=dblp&amp;related=dblp_org"><img alt="" class="icon" src="https://dblp.uni-trier.de/img/link.dark.hollow.16x16.png"/></a></div><div class="body"><p><b>share record</b></p><ul><li><a href="https://twitter.com/intent/tweet?url=https%3A%2F%2Fdoi.org%2F10.1142%2F9789814447133_0003&amp;text=%22Feedback%2C+Iteration%2C+and+Repetition.%22&amp;hashtags=dblp&amp;related=dblp_org"><img alt="" class="icon" src="https://dblp.uni-trier.de/img/twitterbird.dark.16x16.png"/>Twitter</a></li><li><a href="https://www.reddit.com/submit?url=https%3A%2F%2Fdoi.org%2F10.1142%2F9789814447133_0003&amp;title=%22Feedback%2C+Iteration%2C+and+Repetition.%22"><img alt="" class="icon" src="https://dblp.uni-trier.de/img/reddit.dark.16x16.png"/>Reddit</a></li><li><a href="https://www.bibsonomy.org/editPublication?url=https%3A%2F%2Fdoi.org%2F10.1142%2F9789814447133_0003"><img alt="" class="icon" src="https://dblp.uni-trier.de/img/bibsonomy.dark.16x16.png"/>BibSonomy</a></li><li><a href="https://www.linkedin.com/shareArticle?mini=true&amp;url=https%3A%2F%2Fdoi.org%2F10.1142%2F9789814447133_0003&amp;title=%22Feedback%2C+Iteration%2C+and+Repetition.%22&amp;source=dblp+computer+science+bibliography"><img alt="" class="icon" src="https://dblp.uni-trier.de/img/linkedin.dark.16x16.png"/>LinkedIn</a></li><li><a href="https://www.facebook.com/sharer/sharer.php?u=https%3A%2F%2Fdoi.org%2F10.1142%2F9789814447133_0003"><img alt="" class="icon" src="https://dblp.uni-trier.de/img/facebook.dark.16x16.png"/>Facebook</a></li></ul><p><em>persistent URL:</em></p><ul class="bullets"><li class="select-on-click"><small>https://dblp.org/rec/books/ws/94/CazanescuS94</small></li></ul></div></li></ul></nav><cite class="data tts-content" itemprop="headline"><span itemprop="author" itemscope="" itemtype="http://schema.org/Person"><span class="this-person" itemprop="name">Virgil Emil Cazanescu</span></span>, <span itemprop="author" itemscope="" itemtype="http://schema.org/Person"><a href="https://dblp.uni-trier.de/pid/91/5802.html" itemprop="url"><span itemprop="name" title="Gheorghe Stefanescu">Gheorghe Stefanescu</span></a></span>:<br/> <span class="title" itemprop="name">Feedback, Iteration, and Repetition.</span> <a href="https://dblp.uni-trier.de/db/books/collections/P1994.html#CazanescuS94"><span itemprop="isPartOf" itemscope="" itemtype="http://schema.org/BookSeries"><span itemprop="name">Mathematical Aspects of Natural and Formal Languages</span></span> <span itemprop="datePublished">1994</span></a>: <span itemprop="pagination">43-61</span><img alt="text to speech" class="tts-button" src="https://dblp.uni-trier.de/img/audio.dark.16x16.png" title="text-to-speech"/></cite><meta content="computer science" property="genre"/></link></li><li class="year">1993</li><li class="entry inproceedings toc" id="conf/dlt/Cazanescu93" itemscope="" itemtype="http://schema.org/ScholarlyArticle"><link href="https://dblp.org/rdf/schema#Publication" itemprop="additionalType"/><div class="box"><img alt="" src="https://dblp.uni-trier.de/img/n.png" title="Conference and Workshop Papers"/></div><div class="nr" id="c3">[c3]</div><nav class="publ"><ul><li class="drop-down"><div class="head"><img alt="" class="icon" itemprop="image" src="https://dblp.uni-trier.de/img/paper.dark.empty.16x16.png"/></div><div class="body"><p><b>no documents available</b></p><ul><li class="details"><a href="https://dblp.uni-trier.de/rec/conf/dlt/Cazanescu93.html"><img alt="" class="icon" src="https://dblp.uni-trier.de/img/info.dark.hollow.16x16.png"/>no references &amp; citations available</a></li></ul><span class="Z3988" title="ctx_ver=Z39.88-2004&amp;rfr_id=info%3Asid%2Fdblp.org%3Aconf/dlt/Cazanescu93&amp;rft.au=Virgil+Emil+Cazanescu&amp;rft.atitle=Local+Equational+Logic+II.&amp;rft.btitle=Developments+in+Language+Theory&amp;rft.date=1993&amp;rft.pages=210-221&amp;rft_val_fmt=info%3Aofi%2Ffmt%3Akev%3Amtx%3Ajournal"><span style="display:none;"> </span></span></div></li><li class="drop-down"><div class="head"><a href="https://dblp.uni-trier.de/rec/conf/dlt/Cazanescu93.html?view=bibtex"><img alt="" class="icon" src="https://dblp.uni-trier.de/img/download.dark.hollow.16x16.png"/></a></div><div class="body"><p><b>export record</b></p><ul><li><a href="https://dblp.uni-trier.de/rec/conf/dlt/Cazanescu93.html?view=bibtex"><img alt="" class="icon" src="https://dblp.uni-trier.de/img/bibtex.dark.16x16.png"/>BibTeX</a></li><li><a href="https://dblp.uni-trier.de/rec/conf/dlt/Cazanescu93.ris"><img alt="" class="icon" src="https://dblp.uni-trier.de/img/endnote.dark.16x16.png"/>RIS</a></li><li><a href="https://dblp.uni-trier.de/rec/conf/dlt/Cazanescu93.nt"><img alt="" class="icon" src="https://dblp.uni-trier.de/img/rdf.dark.16x16.png"/>RDF N-Triples</a></li><li><a href="https://dblp.uni-trier.de/rec/conf/dlt/Cazanescu93.ttl"><img alt="" class="icon" src="https://dblp.uni-trier.de/img/rdf.dark.16x16.png"/>RDF Turtle</a></li><li><a href="https://dblp.uni-trier.de/rec/conf/dlt/Cazanescu93.rdf"><img alt="" class="icon" src="https://dblp.uni-trier.de/img/rdf.dark.16x16.png"/>RDF/XML</a></li><li><a href="https://dblp.uni-trier.de/rec/conf/dlt/Cazanescu93.xml"><img alt="" class="icon" src="https://dblp.uni-trier.de/img/xml.dark.16x16.png"/>XML</a></li></ul><p><em>dblp key:</em></p><ul class="bullets"><li class="select-on-click"><small>conf/dlt/Cazanescu93</small></li></ul></div></li><li class="drop-down"><div class="head"><a href="https://google.com/search?q=Local+Equational+Logic+II."><img alt="" class="icon" src="https://dblp.uni-trier.de/img/search-external.dark.hollow.16x16.png"/></a></div><div class="body"><p><b>ask others</b></p><ul><li><a href="https://google.com/search?q=Local+Equational+Logic+II."><img alt="" class="icon" src="https://dblp.uni-trier.de/img/google.dark.16x16.png"/>Google</a></li><li><a href="https://scholar.google.com/scholar?q=Local+Equational+Logic+II."><img alt="" class="icon" src="https://dblp.uni-trier.de/img/google-scholar.dark.16x16.png"/>Google Scholar</a></li><li><a href="https://www.semanticscholar.org/search?q=Local+Equational+Logic+II."><img alt="" class="icon" src="https://dblp.uni-trier.de/img/semscholar.dark.16x16.png"/>Semantic Scholar</a></li><li><a href="https://scholar.archive.org/search?q=Local+Equational+Logic+II." rel="nofollow"><img alt="" class="icon" src="https://dblp.uni-trier.de/img/internetarchive.dark.16x16.png"/>Internet Archive Scholar</a></li><li><a href="https://citeseerx.ist.psu.edu/search?q=Local+Equational+Logic+II."><img alt="" class="icon" src="https://dblp.uni-trier.de/img/citeseer.dark.16x16.png"/>CiteSeerX</a></li></ul></div></li><li class="drop-down"><div class="head"><a href="https://twitter.com/intent/tweet?url=https%3A%2F%2Fdblp.org%2Frec%2Fconf%2Fdlt%2FCazanescu93&amp;text=%22Local+Equational+Logic+II.%22&amp;hashtags=dblp&amp;related=dblp_org"><img alt="" class="icon" src="https://dblp.uni-trier.de/img/link.dark.hollow.16x16.png"/></a></div><div class="body"><p><b>share record</b></p><ul><li><a href="https://twitter.com/intent/tweet?url=https%3A%2F%2Fdblp.org%2Frec%2Fconf%2Fdlt%2FCazanescu93&amp;text=%22Local+Equational+Logic+II.%22&amp;hashtags=dblp&amp;related=dblp_org"><img alt="" class="icon" src="https://dblp.uni-trier.de/img/twitterbird.dark.16x16.png"/>Twitter</a></li><li><a href="https://www.reddit.com/submit?url=https%3A%2F%2Fdblp.org%2Frec%2Fconf%2Fdlt%2FCazanescu93&amp;title=%22Local+Equational+Logic+II.%22"><img alt="" class="icon" src="https://dblp.uni-trier.de/img/reddit.dark.16x16.png"/>Reddit</a></li><li><a href="https://www.bibsonomy.org/editPublication?url=https%3A%2F%2Fdblp.org%2Frec%2Fconf%2Fdlt%2FCazanescu93"><img alt="" class="icon" src="https://dblp.uni-trier.de/img/bibsonomy.dark.16x16.png"/>BibSonomy</a></li><li><a href="https://www.linkedin.com/shareArticle?mini=true&amp;url=https%3A%2F%2Fdblp.org%2Frec%2Fconf%2Fdlt%2FCazanescu93&amp;title=%22Local+Equational+Logic+II.%22&amp;source=dblp+computer+science+bibliography"><img alt="" class="icon" src="https://dblp.uni-trier.de/img/linkedin.dark.16x16.png"/>LinkedIn</a></li><li><a href="https://www.facebook.com/sharer/sharer.php?u=https%3A%2F%2Fdblp.org%2Frec%2Fconf%2Fdlt%2FCazanescu93"><img alt="" class="icon" src="https://dblp.uni-trier.de/img/facebook.dark.16x16.png"/>Facebook</a></li></ul><p><em>persistent URL:</em></p><ul class="bullets"><li class="select-on-click"><small>https://dblp.org/rec/conf/dlt/Cazanescu93</small></li></ul></div></li></ul></nav><cite class="data tts-content" itemprop="headline"><span itemprop="author" itemscope="" itemtype="http://schema.org/Person"><span class="this-person" itemprop="name">Virgil Emil Cazanescu</span></span>:<br/> <span class="title" itemprop="name">Local Equational Logic II.</span> <a href="https://dblp.uni-trier.de/db/conf/dlt/dlt1993.html#Cazanescu93"><span itemprop="isPartOf" itemscope="" itemtype="http://schema.org/BookSeries"><span itemprop="name">Developments in Language Theory</span></span> <span itemprop="datePublished">1993</span></a>: <span itemprop="pagination">210-221</span><img alt="text to speech" class="tts-button" src="https://dblp.uni-trier.de/img/audio.dark.16x16.png" title="text-to-speech"/></cite><meta content="computer science" property="genre"/></li><li class="entry inproceedings toc" id="conf/fct/Cazanescu93" itemscope="" itemtype="http://schema.org/ScholarlyArticle"><link href="https://dblp.org/rdf/schema#Publication" itemprop="additionalType"/><div class="box"><img alt="" src="https://dblp.uni-trier.de/img/n.png" title="Conference and Workshop Papers"/></div><div class="nr" id="c2">[c2]</div><nav class="publ"><ul><li class="drop-down"><div class="head"><a href="https://doi.org/10.1007/3-540-57163-9_12"><img alt="" class="icon" itemprop="image" src="https://dblp.uni-trier.de/img/paper.dark.hollow.16x16.png"/></a></div><div class="body"><p><b>view</b></p><ul><li class="ee"><a href="https://doi.org/10.1007/3-540-57163-9_12" itemprop="url"><img alt="" class="icon" src="https://dblp.uni-trier.de/img/paper.dark.16x16.png"/>electronic edition via DOI</a></li><li class="unpaywall display-none" data-doi="10.1007%2F3-540-57163-9_12"><a href="https://unpaywall.org/10.1007%2F3-540-57163-9_12"><img alt="" class="icon" src="https://dblp.uni-trier.de/img/paper-unpaywall.dark.16x16.png"/>unpaywalled version</a></li><li class="details"><a href="https://dblp.uni-trier.de/rec/conf/fct/Cazanescu93.html"><img alt="" class="icon" src="https://dblp.uni-trier.de/img/info.dark.16x16.png"/>references &amp; citations</a></li></ul><p><em>authority control:</em></p><ul><li class="wrap"><a href="https://api.crossref.org/works/10.1007%2F3-540-57163-9_12"><img alt="Crossref API" class="icon" src="https://dblp.uni-trier.de/img/crossref.dark.16x16.png" title="Crossref API"/></a><a href="https://api.openalex.org/works/doi:10.1007%2F3-540-57163-9_12"><img alt="OpenAlex API" class="icon" src="https://dblp.uni-trier.de/img/openalex.dark.16x16.png" title="OpenAlex API"/></a></li></ul><span class="Z3988" title="ctx_ver=Z39.88-2004&amp;rfr_id=info%3Asid%2Fdblp.org%3Aconf/fct/Cazanescu93&amp;rft.au=Virgil+Emil+Cazanescu&amp;rft.atitle=Local+Equational+Logic.&amp;rft.btitle=FCT&amp;rft.date=1993&amp;rft.pages=162-170&amp;rft_id=info%3Adoi%2F10.1007%2F3-540-57163-9_12&amp;rft_val_fmt=info%3Aofi%2Ffmt%3Akev%3Amtx%3Ajournal"><span style="display:none;"> </span></span></div></li><li class="drop-down"><div class="head"><a href="https://dblp.uni-trier.de/rec/conf/fct/Cazanescu93.html?view=bibtex"><img alt="" class="icon" src="https://dblp.uni-trier.de/img/download.dark.hollow.16x16.png"/></a></div><div class="body"><p><b>export record</b></p><ul><li><a href="https://dblp.uni-trier.de/rec/conf/fct/Cazanescu93.html?view=bibtex"><img alt="" class="icon" src="https://dblp.uni-trier.de/img/bibtex.dark.16x16.png"/>BibTeX</a></li><li><a href="https://dblp.uni-trier.de/rec/conf/fct/Cazanescu93.ris"><img alt="" class="icon" src="https://dblp.uni-trier.de/img/endnote.dark.16x16.png"/>RIS</a></li><li><a href="https://dblp.uni-trier.de/rec/conf/fct/Cazanescu93.nt"><img alt="" class="icon" src="https://dblp.uni-trier.de/img/rdf.dark.16x16.png"/>RDF N-Triples</a></li><li><a href="https://dblp.uni-trier.de/rec/conf/fct/Cazanescu93.ttl"><img alt="" class="icon" src="https://dblp.uni-trier.de/img/rdf.dark.16x16.png"/>RDF Turtle</a></li><li><a href="https://dblp.uni-trier.de/rec/conf/fct/Cazanescu93.rdf"><img alt="" class="icon" src="https://dblp.uni-trier.de/img/rdf.dark.16x16.png"/>RDF/XML</a></li><li><a href="https://dblp.uni-trier.de/rec/conf/fct/Cazanescu93.xml"><img alt="" class="icon" src="https://dblp.uni-trier.de/img/xml.dark.16x16.png"/>XML</a></li></ul><p><em>dblp key:</em></p><ul class="bullets"><li class="select-on-click"><small>conf/fct/Cazanescu93</small></li></ul></div></li><li class="drop-down"><div class="head"><a href="https://google.com/search?q=Local+Equational+Logic."><img alt="" class="icon" src="https://dblp.uni-trier.de/img/search-external.dark.hollow.16x16.png"/></a></div><div class="body"><p><b>ask others</b></p><ul><li><a href="https://google.com/search?q=Local+Equational+Logic."><img alt="" class="icon" src="https://dblp.uni-trier.de/img/google.dark.16x16.png"/>Google</a></li><li><a href="https://scholar.google.com/scholar?q=Local+Equational+Logic."><img alt="" class="icon" src="https://dblp.uni-trier.de/img/google-scholar.dark.16x16.png"/>Google Scholar</a></li><li><a href="https://www.semanticscholar.org/search?q=Local+Equational+Logic."><img alt="" class="icon" src="https://dblp.uni-trier.de/img/semscholar.dark.16x16.png"/>Semantic Scholar</a></li><li><a href="https://scholar.archive.org/search?q=Local+Equational+Logic." rel="nofollow"><img alt="" class="icon" src="https://dblp.uni-trier.de/img/internetarchive.dark.16x16.png"/>Internet Archive Scholar</a></li><li><a href="https://citeseerx.ist.psu.edu/search?q=Local+Equational+Logic."><img alt="" class="icon" src="https://dblp.uni-trier.de/img/citeseer.dark.16x16.png"/>CiteSeerX</a></li></ul></div></li><li class="drop-down"><div class="head"><a href="https://twitter.com/intent/tweet?url=https%3A%2F%2Fdoi.org%2F10.1007%2F3-540-57163-9_12&amp;text=%22Local+Equational+Logic.%22&amp;hashtags=dblp&amp;related=dblp_org"><img alt="" class="icon" src="https://dblp.uni-trier.de/img/link.dark.hollow.16x16.png"/></a></div><div class="body"><p><b>share record</b></p><ul><li><a href="https://twitter.com/intent/tweet?url=https%3A%2F%2Fdoi.org%2F10.1007%2F3-540-57163-9_12&amp;text=%22Local+Equational+Logic.%22&amp;hashtags=dblp&amp;related=dblp_org"><img alt="" class="icon" src="https://dblp.uni-trier.de/img/twitterbird.dark.16x16.png"/>Twitter</a></li><li><a href="https://www.reddit.com/submit?url=https%3A%2F%2Fdoi.org%2F10.1007%2F3-540-57163-9_12&amp;title=%22Local+Equational+Logic.%22"><img alt="" class="icon" src="https://dblp.uni-trier.de/img/reddit.dark.16x16.png"/>Reddit</a></li><li><a href="https://www.bibsonomy.org/editPublication?url=https%3A%2F%2Fdoi.org%2F10.1007%2F3-540-57163-9_12"><img alt="" class="icon" src="https://dblp.uni-trier.de/img/bibsonomy.dark.16x16.png"/>BibSonomy</a></li><li><a href="https://www.linkedin.com/shareArticle?mini=true&amp;url=https%3A%2F%2Fdoi.org%2F10.1007%2F3-540-57163-9_12&amp;title=%22Local+Equational+Logic.%22&amp;source=dblp+computer+science+bibliography"><img alt="" class="icon" src="https://dblp.uni-trier.de/img/linkedin.dark.16x16.png"/>LinkedIn</a></li><li><a href="https://www.facebook.com/sharer/sharer.php?u=https%3A%2F%2Fdoi.org%2F10.1007%2F3-540-57163-9_12"><img alt="" class="icon" src="https://dblp.uni-trier.de/img/facebook.dark.16x16.png"/>Facebook</a></li></ul><p><em>persistent URL:</em></p><ul class="bullets"><li class="select-on-click"><small>https://dblp.org/rec/conf/fct/Cazanescu93</small></li></ul></div></li></ul></nav><cite class="data tts-content" itemprop="headline"><span itemprop="author" itemscope="" itemtype="http://schema.org/Person"><span class="this-person" itemprop="name">Virgil Emil Cazanescu</span></span>:<br/> <span class="title" itemprop="name">Local Equational Logic.</span> <a href="https://dblp.uni-trier.de/db/conf/fct/fct93.html#Cazanescu93"><span itemprop="isPartOf" itemscope="" itemtype="http://schema.org/BookSeries"><span itemprop="name">FCT</span></span> <span itemprop="datePublished">1993</span></a>: <span itemprop="pagination">162-170</span><img alt="text to speech" class="tts-button" src="https://dblp.uni-trier.de/img/audio.dark.16x16.png" title="text-to-speech"/></cite><meta content="computer science" property="genre"/></li><li class="year">1992</li><li class="entry article toc" id="journals/actaC/CazanescuC92" itemscope="" itemtype="http://schema.org/ScholarlyArticle"><link href="https://dblp.org/rdf/schema#Publication" itemprop="additionalType"/><div class="box"><img alt="" src="https://dblp.uni-trier.de/img/n.png" title="Journal Articles"/></div><div class="nr" id="j7">[j7]</div><nav class="publ"><ul><li class="drop-down"><div class="head"><a href="https://cyber.bibl.u-szeged.hu/index.php/actcybern/article/view/3406"><img alt="" class="icon" itemprop="image" src="https://dblp.uni-trier.de/img/paper.dark.hollow.16x16.png"/></a></div><div class="body"><p><b>view</b></p><ul><li class="ee"><a href="https://cyber.bibl.u-szeged.hu/index.php/actcybern/article/view/3406" itemprop="url"><img alt="" class="icon" src="https://dblp.uni-trier.de/img/paper.dark.16x16.png"/>electronic edition @ u-szeged.hu</a></li><li class="details"><a href="https://dblp.uni-trier.de/rec/journals/actaC/CazanescuC92.html"><img alt="" class="icon" src="https://dblp.uni-trier.de/img/info.dark.hollow.16x16.png"/>no references &amp; citations available</a></li></ul><span class="Z3988" title="ctx_ver=Z39.88-2004&amp;rfr_id=info%3Asid%2Fdblp.org%3Ajournals/actaC/CazanescuC92&amp;rft.au=Virgil+Emil+Cazanescu&amp;rft.atitle=Initial+and+Final+Congruences.&amp;rft.jtitle=Acta+Cybern.&amp;rft.volume=10&amp;rft.issue=3&amp;rft.date=1992&amp;rft.pages=199-215&amp;rft_id=https%3A%2F%2Fcyber.bibl.u-szeged.hu%2Findex.php%2Factcybern%2Farticle%2Fview%2F3406&amp;rft_val_fmt=info%3Aofi%2Ffmt%3Akev%3Amtx%3Ajournal"><span style="display:none;"> </span></span></div></li><li class="drop-down"><div class="head"><a href="https://dblp.uni-trier.de/rec/journals/actaC/CazanescuC92.html?view=bibtex"><img alt="" class="icon" src="https://dblp.uni-trier.de/img/download.dark.hollow.16x16.png"/></a></div><div class="body"><p><b>export record</b></p><ul><li><a href="https://dblp.uni-trier.de/rec/journals/actaC/CazanescuC92.html?view=bibtex"><img alt="" class="icon" src="https://dblp.uni-trier.de/img/bibtex.dark.16x16.png"/>BibTeX</a></li><li><a href="https://dblp.uni-trier.de/rec/journals/actaC/CazanescuC92.ris"><img alt="" class="icon" src="https://dblp.uni-trier.de/img/endnote.dark.16x16.png"/>RIS</a></li><li><a href="https://dblp.uni-trier.de/rec/journals/actaC/CazanescuC92.nt"><img alt="" class="icon" src="https://dblp.uni-trier.de/img/rdf.dark.16x16.png"/>RDF N-Triples</a></li><li><a href="https://dblp.uni-trier.de/rec/journals/actaC/CazanescuC92.ttl"><img alt="" class="icon" src="https://dblp.uni-trier.de/img/rdf.dark.16x16.png"/>RDF Turtle</a></li><li><a href="https://dblp.uni-trier.de/rec/journals/actaC/CazanescuC92.rdf"><img alt="" class="icon" src="https://dblp.uni-trier.de/img/rdf.dark.16x16.png"/>RDF/XML</a></li><li><a href="https://dblp.uni-trier.de/rec/journals/actaC/CazanescuC92.xml"><img alt="" class="icon" src="https://dblp.uni-trier.de/img/xml.dark.16x16.png"/>XML</a></li></ul><p><em>dblp key:</em></p><ul class="bullets"><li class="select-on-click"><small>journals/actaC/CazanescuC92</small></li></ul></div></li><li class="drop-down"><div class="head"><a href="https://google.com/search?q=Initial+and+Final+Congruences."><img alt="" class="icon" src="https://dblp.uni-trier.de/img/search-external.dark.hollow.16x16.png"/></a></div><div class="body"><p><b>ask others</b></p><ul><li><a href="https://google.com/search?q=Initial+and+Final+Congruences."><img alt="" class="icon" src="https://dblp.uni-trier.de/img/google.dark.16x16.png"/>Google</a></li><li><a href="https://scholar.google.com/scholar?q=Initial+and+Final+Congruences."><img alt="" class="icon" src="https://dblp.uni-trier.de/img/google-scholar.dark.16x16.png"/>Google Scholar</a></li><li><a href="https://www.semanticscholar.org/search?q=Initial+and+Final+Congruences."><img alt="" class="icon" src="https://dblp.uni-trier.de/img/semscholar.dark.16x16.png"/>Semantic Scholar</a></li><li><a href="https://scholar.archive.org/search?q=Initial+and+Final+Congruences." rel="nofollow"><img alt="" class="icon" src="https://dblp.uni-trier.de/img/internetarchive.dark.16x16.png"/>Internet Archive Scholar</a></li><li><a href="https://citeseerx.ist.psu.edu/search?q=Initial+and+Final+Congruences."><img alt="" class="icon" src="https://dblp.uni-trier.de/img/citeseer.dark.16x16.png"/>CiteSeerX</a></li></ul></div></li><li class="drop-down"><div class="head"><a href="https://twitter.com/intent/tweet?url=https%3A%2F%2Fcyber.bibl.u-szeged.hu%2Findex.php%2Factcybern%2Farticle%2Fview%2F3406&amp;text=%22Initial+and+Final+Congruences.%22&amp;hashtags=dblp&amp;related=dblp_org"><img alt="" class="icon" src="https://dblp.uni-trier.de/img/link.dark.hollow.16x16.png"/></a></div><div class="body"><p><b>share record</b></p><ul><li><a href="https://twitter.com/intent/tweet?url=https%3A%2F%2Fcyber.bibl.u-szeged.hu%2Findex.php%2Factcybern%2Farticle%2Fview%2F3406&amp;text=%22Initial+and+Final+Congruences.%22&amp;hashtags=dblp&amp;related=dblp_org"><img alt="" class="icon" src="https://dblp.uni-trier.de/img/twitterbird.dark.16x16.png"/>Twitter</a></li><li><a href="https://www.reddit.com/submit?url=https%3A%2F%2Fcyber.bibl.u-szeged.hu%2Findex.php%2Factcybern%2Farticle%2Fview%2F3406&amp;title=%22Initial+and+Final+Congruences.%22"><img alt="" class="icon" src="https://dblp.uni-trier.de/img/reddit.dark.16x16.png"/>Reddit</a></li><li><a href="https://www.bibsonomy.org/editPublication?url=https%3A%2F%2Fcyber.bibl.u-szeged.hu%2Findex.php%2Factcybern%2Farticle%2Fview%2F3406"><img alt="" class="icon" src="https://dblp.uni-trier.de/img/bibsonomy.dark.16x16.png"/>BibSonomy</a></li><li><a href="https://www.linkedin.com/shareArticle?mini=true&amp;url=https%3A%2F%2Fcyber.bibl.u-szeged.hu%2Findex.php%2Factcybern%2Farticle%2Fview%2F3406&amp;title=%22Initial+and+Final+Congruences.%22&amp;source=dblp+computer+science+bibliography"><img alt="" class="icon" src="https://dblp.uni-trier.de/img/linkedin.dark.16x16.png"/>LinkedIn</a></li><li><a href="https://www.facebook.com/sharer/sharer.php?u=https%3A%2F%2Fcyber.bibl.u-szeged.hu%2Findex.php%2Factcybern%2Farticle%2Fview%2F3406"><img alt="" class="icon" src="https://dblp.uni-trier.de/img/facebook.dark.16x16.png"/>Facebook</a></li></ul><p><em>persistent URL:</em></p><ul class="bullets"><li class="select-on-click"><small>https://dblp.org/rec/journals/actaC/CazanescuC92</small></li></ul></div></li></ul></nav><cite class="data tts-content" itemprop="headline"><span itemprop="author" itemscope="" itemtype="http://schema.org/Person"><span class="this-person" itemprop="name">Virgil Emil Cazanescu</span></span>, <span itemprop="author" itemscope="" itemtype="http://schema.org/Person"><a href="https://dblp.uni-trier.de/pid/49/2866.html" itemprop="url"><span itemprop="name" title="Rodica Ceterchi">Rodica Ceterchi</span></a></span>:<br/> <span class="title" itemprop="name">Initial and Final Congruences.</span> <a href="https://dblp.uni-trier.de/db/journals/actaC/actaC10.html#CazanescuC92"><span itemprop="isPartOf" itemscope="" itemtype="http://schema.org/Periodical"><span itemprop="name">Acta Cybern.</span></span> <span itemprop="isPartOf" itemscope="" itemtype="http://schema.org/PublicationVolume"><span itemprop="volumeNumber">10</span></span>(<span itemprop="isPartOf" itemscope="" itemtype="http://schema.org/PublicationIssue"><span itemprop="issueNumber">3</span></span>)</a>: <span itemprop="pagination">199-215</span> (<span itemprop="datePublished">1992</span>)<img alt="text to speech" class="tts-button" src="https://dblp.uni-trier.de/img/audio.dark.16x16.png" title="text-to-speech"/></cite><meta content="computer science" property="genre"/></li><li class="entry article toc" id="journals/tcs/CazanescuS92" itemscope="" itemtype="http://schema.org/ScholarlyArticle"><link href="https://dblp.org/rdf/schema#Publication" itemprop="additionalType"/><div class="box"><img alt="" src="https://dblp.uni-trier.de/img/n.png" title="Journal Articles"/></div><div class="nr" id="j6">[j6]</div><nav class="publ"><ul><li class="drop-down"><div class="head"><a href="https://doi.org/10.1016/0304-3975(92)90171-B"><img alt="" class="icon" itemprop="image" src="https://dblp.uni-trier.de/img/paper-oa.dark.hollow.16x16.png"/></a></div><div class="body"><p><b>view</b></p><ul><li class="ee"><a href="https://doi.org/10.1016/0304-3975(92)90171-B" itemprop="url"><img alt="" class="icon" src="https://dblp.uni-trier.de/img/paper-oa.dark.16x16.png"/>electronic edition via DOI (open access)</a></li><li class="details"><a href="https://dblp.uni-trier.de/rec/journals/tcs/CazanescuS92.html"><img alt="" class="icon" src="https://dblp.uni-trier.de/img/info.dark.16x16.png"/>references &amp; citations</a></li></ul><p><em>authority control:</em></p><ul><li class="wrap"><a href="https://api.crossref.org/works/10.1016%2F0304-3975%2892%2990171-B"><img alt="Crossref API" class="icon" src="https://dblp.uni-trier.de/img/crossref.dark.16x16.png" title="Crossref API"/></a><a href="https://api.openalex.org/works/doi:10.1016%2F0304-3975%2892%2990171-B"><img alt="OpenAlex API" class="icon" src="https://dblp.uni-trier.de/img/openalex.dark.16x16.png" title="OpenAlex API"/></a></li></ul><span class="Z3988" title="ctx_ver=Z39.88-2004&amp;rfr_id=info%3Asid%2Fdblp.org%3Ajournals/tcs/CazanescuS92&amp;rft.au=Virgil+Emil+Cazanescu&amp;rft.atitle=A+General+Result+on+Abstract+Flowchart+Schemes+with+Applications+to+the+Study+of+Accessibility%2C+Reduction+and+Minimization.&amp;rft.jtitle=Theor.+Comput.+Sci.&amp;rft.volume=99&amp;rft.issue=1&amp;rft.date=1992&amp;rft.pages=1-63&amp;rft_id=info%3Adoi%2F10.1016%2F0304-3975%2892%2990171-B&amp;rft_val_fmt=info%3Aofi%2Ffmt%3Akev%3Amtx%3Ajournal"><span style="display:none;"> </span></span></div></li><li class="drop-down"><div class="head"><a href="https://dblp.uni-trier.de/rec/journals/tcs/CazanescuS92.html?view=bibtex"><img alt="" class="icon" src="https://dblp.uni-trier.de/img/download.dark.hollow.16x16.png"/></a></div><div class="body"><p><b>export record</b></p><ul><li><a href="https://dblp.uni-trier.de/rec/journals/tcs/CazanescuS92.html?view=bibtex"><img alt="" class="icon" src="https://dblp.uni-trier.de/img/bibtex.dark.16x16.png"/>BibTeX</a></li><li><a href="https://dblp.uni-trier.de/rec/journals/tcs/CazanescuS92.ris"><img alt="" class="icon" src="https://dblp.uni-trier.de/img/endnote.dark.16x16.png"/>RIS</a></li><li><a href="https://dblp.uni-trier.de/rec/journals/tcs/CazanescuS92.nt"><img alt="" class="icon" src="https://dblp.uni-trier.de/img/rdf.dark.16x16.png"/>RDF N-Triples</a></li><li><a href="https://dblp.uni-trier.de/rec/journals/tcs/CazanescuS92.ttl"><img alt="" class="icon" src="https://dblp.uni-trier.de/img/rdf.dark.16x16.png"/>RDF Turtle</a></li><li><a href="https://dblp.uni-trier.de/rec/journals/tcs/CazanescuS92.rdf"><img alt="" class="icon" src="https://dblp.uni-trier.de/img/rdf.dark.16x16.png"/>RDF/XML</a></li><li><a href="https://dblp.uni-trier.de/rec/journals/tcs/CazanescuS92.xml"><img alt="" class="icon" src="https://dblp.uni-trier.de/img/xml.dark.16x16.png"/>XML</a></li></ul><p><em>dblp key:</em></p><ul class="bullets"><li class="select-on-click"><small>journals/tcs/CazanescuS92</small></li></ul></div></li><li class="drop-down"><div class="head"><a href="https://google.com/search?q=A+General+Result+on+Abstract+Flowchart+Schemes+with+Applications+to+the+Study+of+Accessibility%2C+Reduction+and+Minimization."><img alt="" class="icon" src="https://dblp.uni-trier.de/img/search-external.dark.hollow.16x16.png"/></a></div><div class="body"><p><b>ask others</b></p><ul><li><a href="https://google.com/search?q=A+General+Result+on+Abstract+Flowchart+Schemes+with+Applications+to+the+Study+of+Accessibility%2C+Reduction+and+Minimization."><img alt="" class="icon" src="https://dblp.uni-trier.de/img/google.dark.16x16.png"/>Google</a></li><li><a href="https://scholar.google.com/scholar?q=A+General+Result+on+Abstract+Flowchart+Schemes+with+Applications+to+the+Study+of+Accessibility%2C+Reduction+and+Minimization."><img alt="" class="icon" src="https://dblp.uni-trier.de/img/google-scholar.dark.16x16.png"/>Google Scholar</a></li><li><a href="https://www.semanticscholar.org/search?q=A+General+Result+on+Abstract+Flowchart+Schemes+with+Applications+to+the+Study+of+Accessibility%2C+Reduction+and+Minimization."><img alt="" class="icon" src="https://dblp.uni-trier.de/img/semscholar.dark.16x16.png"/>Semantic Scholar</a></li><li><a href="https://scholar.archive.org/search?q=A+General+Result+on+Abstract+Flowchart+Schemes+with+Applications+to+the+Study+of+Accessibility%2C+Reduction+and+Minimization." rel="nofollow"><img alt="" class="icon" src="https://dblp.uni-trier.de/img/internetarchive.dark.16x16.png"/>Internet Archive Scholar</a></li><li><a href="https://citeseerx.ist.psu.edu/search?q=A+General+Result+on+Abstract+Flowchart+Schemes+with+Applications+to+the+Study+of+Accessibility%2C+Reduction+and+Minimization."><img alt="" class="icon" src="https://dblp.uni-trier.de/img/citeseer.dark.16x16.png"/>CiteSeerX</a></li></ul></div></li><li class="drop-down"><div class="head"><a href="https://twitter.com/intent/tweet?url=https%3A%2F%2Fdoi.org%2F10.1016%2F0304-3975%2892%2990171-B&amp;text=%22A+General+Result+on+Abstract+Flowchart+Schemes+with+Applications+to+the+Study+of+Accessibility%2C+...%22&amp;hashtags=dblp&amp;related=dblp_org"><img alt="" class="icon" src="https://dblp.uni-trier.de/img/link.dark.hollow.16x16.png"/></a></div><div class="body"><p><b>share record</b></p><ul><li><a href="https://twitter.com/intent/tweet?url=https%3A%2F%2Fdoi.org%2F10.1016%2F0304-3975%2892%2990171-B&amp;text=%22A+General+Result+on+Abstract+Flowchart+Schemes+with+Applications+to+the+Study+of+Accessibility%2C+...%22&amp;hashtags=dblp&amp;related=dblp_org"><img alt="" class="icon" src="https://dblp.uni-trier.de/img/twitterbird.dark.16x16.png"/>Twitter</a></li><li><a href="https://www.reddit.com/submit?url=https%3A%2F%2Fdoi.org%2F10.1016%2F0304-3975%2892%2990171-B&amp;title=%22A+General+Result+on+Abstract+Flowchart+Schemes+with+Applications+to+the+Study+of+Accessibility%2C+Reduction+and+Minimization.%22"><img alt="" class="icon" src="https://dblp.uni-trier.de/img/reddit.dark.16x16.png"/>Reddit</a></li><li><a href="https://www.bibsonomy.org/editPublication?url=https%3A%2F%2Fdoi.org%2F10.1016%2F0304-3975%2892%2990171-B"><img alt="" class="icon" src="https://dblp.uni-trier.de/img/bibsonomy.dark.16x16.png"/>BibSonomy</a></li><li><a href="https://www.linkedin.com/shareArticle?mini=true&amp;url=https%3A%2F%2Fdoi.org%2F10.1016%2F0304-3975%2892%2990171-B&amp;title=%22A+General+Result+on+Abstract+Flowchart+Schemes+with+Applications+to+the+Study+of+Accessibility%2C+Reduction+and+Minimization.%22&amp;source=dblp+computer+science+bibliography"><img alt="" class="icon" src="https://dblp.uni-trier.de/img/linkedin.dark.16x16.png"/>LinkedIn</a></li><li><a href="https://www.facebook.com/sharer/sharer.php?u=https%3A%2F%2Fdoi.org%2F10.1016%2F0304-3975%2892%2990171-B"><img alt="" class="icon" src="https://dblp.uni-trier.de/img/facebook.dark.16x16.png"/>Facebook</a></li></ul><p><em>persistent URL:</em></p><ul class="bullets"><li class="select-on-click"><small>https://dblp.org/rec/journals/tcs/CazanescuS92</small></li></ul></div></li></ul></nav><cite class="data tts-content" itemprop="headline"><span itemprop="author" itemscope="" itemtype="http://schema.org/Person"><span class="this-person" itemprop="name">Virgil Emil Cazanescu</span></span>, <span itemprop="author" itemscope="" itemtype="http://schema.org/Person"><a href="https://dblp.uni-trier.de/pid/91/5802.html" itemprop="url"><span itemprop="name" title="Gheorghe Stefanescu">Gheorghe Stefanescu</span></a></span>:<br/> <span class="title" itemprop="name">A General Result on Abstract Flowchart Schemes with Applications to the Study of Accessibility, Reduction and Minimization.</span> <a href="https://dblp.uni-trier.de/db/journals/tcs/tcs99.html#CazanescuS92"><span itemprop="isPartOf" itemscope="" itemtype="http://schema.org/Periodical"><span itemprop="name">Theor. Comput. Sci.</span></span> <span itemprop="isPartOf" itemscope="" itemtype="http://schema.org/PublicationVolume"><span itemprop="volumeNumber">99</span></span>(<span itemprop="isPartOf" itemscope="" itemtype="http://schema.org/PublicationIssue"><span itemprop="issueNumber">1</span></span>)</a>: <span itemprop="pagination">1-63</span> (<span itemprop="datePublished">1992</span>)<img alt="text to speech" class="tts-button" src="https://dblp.uni-trier.de/img/audio.dark.16x16.png" title="text-to-speech"/></cite><meta content="computer science" property="genre"/></li><li class="year">1991</li><li class="entry article toc" id="journals/dm/CazanescuS91" itemscope="" itemtype="http://schema.org/ScholarlyArticle"><link href="https://dblp.org/rdf/schema#Publication" itemprop="additionalType"/><div class="box"><img alt="" src="https://dblp.uni-trier.de/img/n.png" title="Journal Articles"/></div><div class="nr" id="j5">[j5]</div><nav class="publ"><ul><li class="drop-down"><div class="head"><a href="https://doi.org/10.1016/0012-365X(91)90147-T"><img alt="" class="icon" itemprop="image" src="https://dblp.uni-trier.de/img/paper-oa.dark.hollow.16x16.png"/></a></div><div class="body"><p><b>view</b></p><ul><li class="ee"><a href="https://doi.org/10.1016/0012-365X(91)90147-T" itemprop="url"><img alt="" class="icon" src="https://dblp.uni-trier.de/img/paper-oa.dark.16x16.png"/>electronic edition via DOI (open access)</a></li><li class="details"><a href="https://dblp.uni-trier.de/rec/journals/dm/CazanescuS91.html"><img alt="" class="icon" src="https://dblp.uni-trier.de/img/info.dark.16x16.png"/>references &amp; citations</a></li></ul><p><em>authority control:</em></p><ul><li class="wrap"><a href="https://api.crossref.org/works/10.1016%2F0012-365X%2891%2990147-T"><img alt="Crossref API" class="icon" src="https://dblp.uni-trier.de/img/crossref.dark.16x16.png" title="Crossref API"/></a><a href="https://api.openalex.org/works/doi:10.1016%2F0012-365X%2891%2990147-T"><img alt="OpenAlex API" class="icon" src="https://dblp.uni-trier.de/img/openalex.dark.16x16.png" title="OpenAlex API"/></a></li></ul><span class="Z3988" title="ctx_ver=Z39.88-2004&amp;rfr_id=info%3Asid%2Fdblp.org%3Ajournals/dm/CazanescuS91&amp;rft.au=Virgil+Emil+Cazanescu&amp;rft.atitle=Classes+of+finite+relations+as+initial+abstract+data+types+I.&amp;rft.jtitle=Discret.+Math.&amp;rft.volume=90&amp;rft.issue=3&amp;rft.date=1991&amp;rft.pages=233-265&amp;rft_id=info%3Adoi%2F10.1016%2F0012-365X%2891%2990147-T&amp;rft_val_fmt=info%3Aofi%2Ffmt%3Akev%3Amtx%3Ajournal"><span style="display:none;"> </span></span></div></li><li class="drop-down"><div class="head"><a href="https://dblp.uni-trier.de/rec/journals/dm/CazanescuS91.html?view=bibtex"><img alt="" class="icon" src="https://dblp.uni-trier.de/img/download.dark.hollow.16x16.png"/></a></div><div class="body"><p><b>export record</b></p><ul><li><a href="https://dblp.uni-trier.de/rec/journals/dm/CazanescuS91.html?view=bibtex"><img alt="" class="icon" src="https://dblp.uni-trier.de/img/bibtex.dark.16x16.png"/>BibTeX</a></li><li><a href="https://dblp.uni-trier.de/rec/journals/dm/CazanescuS91.ris"><img alt="" class="icon" src="https://dblp.uni-trier.de/img/endnote.dark.16x16.png"/>RIS</a></li><li><a href="https://dblp.uni-trier.de/rec/journals/dm/CazanescuS91.nt"><img alt="" class="icon" src="https://dblp.uni-trier.de/img/rdf.dark.16x16.png"/>RDF N-Triples</a></li><li><a href="https://dblp.uni-trier.de/rec/journals/dm/CazanescuS91.ttl"><img alt="" class="icon" src="https://dblp.uni-trier.de/img/rdf.dark.16x16.png"/>RDF Turtle</a></li><li><a href="https://dblp.uni-trier.de/rec/journals/dm/CazanescuS91.rdf"><img alt="" class="icon" src="https://dblp.uni-trier.de/img/rdf.dark.16x16.png"/>RDF/XML</a></li><li><a href="https://dblp.uni-trier.de/rec/journals/dm/CazanescuS91.xml"><img alt="" class="icon" src="https://dblp.uni-trier.de/img/xml.dark.16x16.png"/>XML</a></li></ul><p><em>dblp key:</em></p><ul class="bullets"><li class="select-on-click"><small>journals/dm/CazanescuS91</small></li></ul></div></li><li class="drop-down"><div class="head"><a href="https://google.com/search?q=Classes+of+finite+relations+as+initial+abstract+data+types+I."><img alt="" class="icon" src="https://dblp.uni-trier.de/img/search-external.dark.hollow.16x16.png"/></a></div><div class="body"><p><b>ask others</b></p><ul><li><a href="https://google.com/search?q=Classes+of+finite+relations+as+initial+abstract+data+types+I."><img alt="" class="icon" src="https://dblp.uni-trier.de/img/google.dark.16x16.png"/>Google</a></li><li><a href="https://scholar.google.com/scholar?q=Classes+of+finite+relations+as+initial+abstract+data+types+I."><img alt="" class="icon" src="https://dblp.uni-trier.de/img/google-scholar.dark.16x16.png"/>Google Scholar</a></li><li><a href="https://www.semanticscholar.org/search?q=Classes+of+finite+relations+as+initial+abstract+data+types+I."><img alt="" class="icon" src="https://dblp.uni-trier.de/img/semscholar.dark.16x16.png"/>Semantic Scholar</a></li><li><a href="https://scholar.archive.org/search?q=Classes+of+finite+relations+as+initial+abstract+data+types+I." rel="nofollow"><img alt="" class="icon" src="https://dblp.uni-trier.de/img/internetarchive.dark.16x16.png"/>Internet Archive Scholar</a></li><li><a href="https://citeseerx.ist.psu.edu/search?q=Classes+of+finite+relations+as+initial+abstract+data+types+I."><img alt="" class="icon" src="https://dblp.uni-trier.de/img/citeseer.dark.16x16.png"/>CiteSeerX</a></li></ul></div></li><li class="drop-down"><div class="head"><a href="https://twitter.com/intent/tweet?url=https%3A%2F%2Fdoi.org%2F10.1016%2F0012-365X%2891%2990147-T&amp;text=%22Classes+of+finite+relations+as+initial+abstract+data+types+I.%22&amp;hashtags=dblp&amp;related=dblp_org"><img alt="" class="icon" src="https://dblp.uni-trier.de/img/link.dark.hollow.16x16.png"/></a></div><div class="body"><p><b>share record</b></p><ul><li><a href="https://twitter.com/intent/tweet?url=https%3A%2F%2Fdoi.org%2F10.1016%2F0012-365X%2891%2990147-T&amp;text=%22Classes+of+finite+relations+as+initial+abstract+data+types+I.%22&amp;hashtags=dblp&amp;related=dblp_org"><img alt="" class="icon" src="https://dblp.uni-trier.de/img/twitterbird.dark.16x16.png"/>Twitter</a></li><li><a href="https://www.reddit.com/submit?url=https%3A%2F%2Fdoi.org%2F10.1016%2F0012-365X%2891%2990147-T&amp;title=%22Classes+of+finite+relations+as+initial+abstract+data+types+I.%22"><img alt="" class="icon" src="https://dblp.uni-trier.de/img/reddit.dark.16x16.png"/>Reddit</a></li><li><a href="https://www.bibsonomy.org/editPublication?url=https%3A%2F%2Fdoi.org%2F10.1016%2F0012-365X%2891%2990147-T"><img alt="" class="icon" src="https://dblp.uni-trier.de/img/bibsonomy.dark.16x16.png"/>BibSonomy</a></li><li><a href="https://www.linkedin.com/shareArticle?mini=true&amp;url=https%3A%2F%2Fdoi.org%2F10.1016%2F0012-365X%2891%2990147-T&amp;title=%22Classes+of+finite+relations+as+initial+abstract+data+types+I.%22&amp;source=dblp+computer+science+bibliography"><img alt="" class="icon" src="https://dblp.uni-trier.de/img/linkedin.dark.16x16.png"/>LinkedIn</a></li><li><a href="https://www.facebook.com/sharer/sharer.php?u=https%3A%2F%2Fdoi.org%2F10.1016%2F0012-365X%2891%2990147-T"><img alt="" class="icon" src="https://dblp.uni-trier.de/img/facebook.dark.16x16.png"/>Facebook</a></li></ul><p><em>persistent URL:</em></p><ul class="bullets"><li class="select-on-click"><small>https://dblp.org/rec/journals/dm/CazanescuS91</small></li></ul></div></li></ul></nav><cite class="data tts-content" itemprop="headline"><span itemprop="author" itemscope="" itemtype="http://schema.org/Person"><span class="this-person" itemprop="name">Virgil Emil Cazanescu</span></span>, <span itemprop="author" itemscope="" itemtype="http://schema.org/Person"><a href="https://dblp.uni-trier.de/pid/91/5802.html" itemprop="url"><span itemprop="name" title="Gheorghe Stefanescu">Gheorghe Stefanescu</span></a></span>:<br/> <span class="title" itemprop="name">Classes of finite relations as initial abstract data types I.</span> <a href="https://dblp.uni-trier.de/db/journals/dm/dm90.html#CazanescuS91"><span itemprop="isPartOf" itemscope="" itemtype="http://schema.org/Periodical"><span itemprop="name">Discret. Math.</span></span> <span itemprop="isPartOf" itemscope="" itemtype="http://schema.org/PublicationVolume"><span itemprop="volumeNumber">90</span></span>(<span itemprop="isPartOf" itemscope="" itemtype="http://schema.org/PublicationIssue"><span itemprop="issueNumber">3</span></span>)</a>: <span itemprop="pagination">233-265</span> (<span itemprop="datePublished">1991</span>)<img alt="text to speech" class="tts-button" src="https://dblp.uni-trier.de/img/audio.dark.16x16.png" title="text-to-speech"/></cite><meta content="computer science" property="genre"/></li><li class="year">1990</li><li class="entry article toc" id="journals/actaC/CazanescuS90" itemscope="" itemtype="http://schema.org/ScholarlyArticle"><link href="https://dblp.org/rdf/schema#Publication" itemprop="additionalType"/><div class="box"><img alt="" src="https://dblp.uni-trier.de/img/n.png" title="Journal Articles"/></div><div class="nr" id="j4">[j4]</div><nav class="publ"><ul><li class="drop-down"><div class="head"><a href="https://cyber.bibl.u-szeged.hu/index.php/actcybern/article/view/3379"><img alt="" class="icon" itemprop="image" src="https://dblp.uni-trier.de/img/paper.dark.hollow.16x16.png"/></a></div><div class="body"><p><b>view</b></p><ul><li class="ee"><a href="https://cyber.bibl.u-szeged.hu/index.php/actcybern/article/view/3379" itemprop="url"><img alt="" class="icon" src="https://dblp.uni-trier.de/img/paper.dark.16x16.png"/>electronic edition @ u-szeged.hu</a></li><li class="details"><a href="https://dblp.uni-trier.de/rec/journals/actaC/CazanescuS90.html"><img alt="" class="icon" src="https://dblp.uni-trier.de/img/info.dark.hollow.16x16.png"/>no references &amp; citations available</a></li></ul><span class="Z3988" title="ctx_ver=Z39.88-2004&amp;rfr_id=info%3Asid%2Fdblp.org%3Ajournals/actaC/CazanescuS90&amp;rft.au=Virgil+Emil+Cazanescu&amp;rft.atitle=A+note+on+axiomatizing+flowchart+schemes.&amp;rft.jtitle=Acta+Cybern.&amp;rft.volume=9&amp;rft.issue=4&amp;rft.date=1990&amp;rft.pages=349-359&amp;rft_id=https%3A%2F%2Fcyber.bibl.u-szeged.hu%2Findex.php%2Factcybern%2Farticle%2Fview%2F3379&amp;rft_val_fmt=info%3Aofi%2Ffmt%3Akev%3Amtx%3Ajournal"><span style="display:none;"> </span></span></div></li><li class="drop-down"><div class="head"><a href="https://dblp.uni-trier.de/rec/journals/actaC/CazanescuS90.html?view=bibtex"><img alt="" class="icon" src="https://dblp.uni-trier.de/img/download.dark.hollow.16x16.png"/></a></div><div class="body"><p><b>export record</b></p><ul><li><a href="https://dblp.uni-trier.de/rec/journals/actaC/CazanescuS90.html?view=bibtex"><img alt="" class="icon" src="https://dblp.uni-trier.de/img/bibtex.dark.16x16.png"/>BibTeX</a></li><li><a href="https://dblp.uni-trier.de/rec/journals/actaC/CazanescuS90.ris"><img alt="" class="icon" src="https://dblp.uni-trier.de/img/endnote.dark.16x16.png"/>RIS</a></li><li><a href="https://dblp.uni-trier.de/rec/journals/actaC/CazanescuS90.nt"><img alt="" class="icon" src="https://dblp.uni-trier.de/img/rdf.dark.16x16.png"/>RDF N-Triples</a></li><li><a href="https://dblp.uni-trier.de/rec/journals/actaC/CazanescuS90.ttl"><img alt="" class="icon" src="https://dblp.uni-trier.de/img/rdf.dark.16x16.png"/>RDF Turtle</a></li><li><a href="https://dblp.uni-trier.de/rec/journals/actaC/CazanescuS90.rdf"><img alt="" class="icon" src="https://dblp.uni-trier.de/img/rdf.dark.16x16.png"/>RDF/XML</a></li><li><a href="https://dblp.uni-trier.de/rec/journals/actaC/CazanescuS90.xml"><img alt="" class="icon" src="https://dblp.uni-trier.de/img/xml.dark.16x16.png"/>XML</a></li></ul><p><em>dblp key:</em></p><ul class="bullets"><li class="select-on-click"><small>journals/actaC/CazanescuS90</small></li></ul></div></li><li class="drop-down"><div class="head"><a href="https://google.com/search?q=A+note+on+axiomatizing+flowchart+schemes."><img alt="" class="icon" src="https://dblp.uni-trier.de/img/search-external.dark.hollow.16x16.png"/></a></div><div class="body"><p><b>ask others</b></p><ul><li><a href="https://google.com/search?q=A+note+on+axiomatizing+flowchart+schemes."><img alt="" class="icon" src="https://dblp.uni-trier.de/img/google.dark.16x16.png"/>Google</a></li><li><a href="https://scholar.google.com/scholar?q=A+note+on+axiomatizing+flowchart+schemes."><img alt="" class="icon" src="https://dblp.uni-trier.de/img/google-scholar.dark.16x16.png"/>Google Scholar</a></li><li><a href="https://www.semanticscholar.org/search?q=A+note+on+axiomatizing+flowchart+schemes."><img alt="" class="icon" src="https://dblp.uni-trier.de/img/semscholar.dark.16x16.png"/>Semantic Scholar</a></li><li><a href="https://scholar.archive.org/search?q=A+note+on+axiomatizing+flowchart+schemes." rel="nofollow"><img alt="" class="icon" src="https://dblp.uni-trier.de/img/internetarchive.dark.16x16.png"/>Internet Archive Scholar</a></li><li><a href="https://citeseerx.ist.psu.edu/search?q=A+note+on+axiomatizing+flowchart+schemes."><img alt="" class="icon" src="https://dblp.uni-trier.de/img/citeseer.dark.16x16.png"/>CiteSeerX</a></li></ul></div></li><li class="drop-down"><div class="head"><a href="https://twitter.com/intent/tweet?url=https%3A%2F%2Fcyber.bibl.u-szeged.hu%2Findex.php%2Factcybern%2Farticle%2Fview%2F3379&amp;text=%22A+note+on+axiomatizing+flowchart+schemes.%22&amp;hashtags=dblp&amp;related=dblp_org"><img alt="" class="icon" src="https://dblp.uni-trier.de/img/link.dark.hollow.16x16.png"/></a></div><div class="body"><p><b>share record</b></p><ul><li><a href="https://twitter.com/intent/tweet?url=https%3A%2F%2Fcyber.bibl.u-szeged.hu%2Findex.php%2Factcybern%2Farticle%2Fview%2F3379&amp;text=%22A+note+on+axiomatizing+flowchart+schemes.%22&amp;hashtags=dblp&amp;related=dblp_org"><img alt="" class="icon" src="https://dblp.uni-trier.de/img/twitterbird.dark.16x16.png"/>Twitter</a></li><li><a href="https://www.reddit.com/submit?url=https%3A%2F%2Fcyber.bibl.u-szeged.hu%2Findex.php%2Factcybern%2Farticle%2Fview%2F3379&amp;title=%22A+note+on+axiomatizing+flowchart+schemes.%22"><img alt="" class="icon" src="https://dblp.uni-trier.de/img/reddit.dark.16x16.png"/>Reddit</a></li><li><a href="https://www.bibsonomy.org/editPublication?url=https%3A%2F%2Fcyber.bibl.u-szeged.hu%2Findex.php%2Factcybern%2Farticle%2Fview%2F3379"><img alt="" class="icon" src="https://dblp.uni-trier.de/img/bibsonomy.dark.16x16.png"/>BibSonomy</a></li><li><a href="https://www.linkedin.com/shareArticle?mini=true&amp;url=https%3A%2F%2Fcyber.bibl.u-szeged.hu%2Findex.php%2Factcybern%2Farticle%2Fview%2F3379&amp;title=%22A+note+on+axiomatizing+flowchart+schemes.%22&amp;source=dblp+computer+science+bibliography"><img alt="" class="icon" src="https://dblp.uni-trier.de/img/linkedin.dark.16x16.png"/>LinkedIn</a></li><li><a href="https://www.facebook.com/sharer/sharer.php?u=https%3A%2F%2Fcyber.bibl.u-szeged.hu%2Findex.php%2Factcybern%2Farticle%2Fview%2F3379"><img alt="" class="icon" src="https://dblp.uni-trier.de/img/facebook.dark.16x16.png"/>Facebook</a></li></ul><p><em>persistent URL:</em></p><ul class="bullets"><li class="select-on-click"><small>https://dblp.org/rec/journals/actaC/CazanescuS90</small></li></ul></div></li></ul></nav><cite class="data tts-content" itemprop="headline"><span itemprop="author" itemscope="" itemtype="http://schema.org/Person"><span class="this-person" itemprop="name">Virgil Emil Cazanescu</span></span>, <span itemprop="author" itemscope="" itemtype="http://schema.org/Person"><a href="https://dblp.uni-trier.de/pid/91/5802.html" itemprop="url"><span itemprop="name" title="Gheorghe Stefanescu">Gheorghe Stefanescu</span></a></span>:<br/> <span class="title" itemprop="name">A note on axiomatizing flowchart schemes.</span> <a href="https://dblp.uni-trier.de/db/journals/actaC/actaC9.html#CazanescuS90"><span itemprop="isPartOf" itemscope="" itemtype="http://schema.org/Periodical"><span itemprop="name">Acta Cybern.</span></span> <span itemprop="isPartOf" itemscope="" itemtype="http://schema.org/PublicationVolume"><span itemprop="volumeNumber">9</span></span>(<span itemprop="isPartOf" itemscope="" itemtype="http://schema.org/PublicationIssue"><span itemprop="issueNumber">4</span></span>)</a>: <span itemprop="pagination">349-359</span> (<span itemprop="datePublished">1990</span>)<img alt="text to speech" class="tts-button" src="https://dblp.uni-trier.de/img/audio.dark.16x16.png" title="text-to-speech"/></cite><meta content="computer science" property="genre"/></li></ul></div></div><div class="hideable"><header class="hide-head" id="the1980s"><h2>1980 – 1989</h2> <div class="drop-down faq"><div class="head"><a href="https://dblp.uni-trier.de/faq/"><img alt="FAQ" src="https://dblp.uni-trier.de/img/faq-mark.dark.12x12.png"/></a></div><div class="body"><b>see FAQ</b><ul><li><a href="https://dblp.uni-trier.de/faq/1474790">What is the meaning of the colors in the publication lists?</a></li></ul></div></div></header><div class="hide-body"><ul class="publ-list"><li class="year">1986</li><li class="entry inproceedings toc" id="conf/mfcs/Cazanesu86" itemscope="" itemtype="http://schema.org/ScholarlyArticle"><link href="https://dblp.org/rdf/schema#Publication" itemprop="additionalType"/><div class="box"><img alt="" src="https://dblp.uni-trier.de/img/n.png" title="Conference and Workshop Papers"/></div><div class="nr" id="c1">[c1]</div><nav class="publ"><ul><li class="drop-down"><div class="head"><a href="https://doi.org/10.1007/BFb0016247"><img alt="" class="icon" itemprop="image" src="https://dblp.uni-trier.de/img/paper.dark.hollow.16x16.png"/></a></div><div class="body"><p><b>view</b></p><ul><li class="ee"><a href="https://doi.org/10.1007/BFb0016247" itemprop="url"><img alt="" class="icon" src="https://dblp.uni-trier.de/img/paper.dark.16x16.png"/>electronic edition via DOI</a></li><li class="unpaywall display-none" data-doi="10.1007%2FBFb0016247"><a href="https://unpaywall.org/10.1007%2FBFb0016247"><img alt="" class="icon" src="https://dblp.uni-trier.de/img/paper-unpaywall.dark.16x16.png"/>unpaywalled version</a></li><li class="details"><a href="https://dblp.uni-trier.de/rec/conf/mfcs/Cazanesu86.html"><img alt="" class="icon" src="https://dblp.uni-trier.de/img/info.dark.16x16.png"/>references &amp; citations</a></li></ul><p><em>authority control:</em></p><ul><li class="wrap"><a href="https://api.crossref.org/works/10.1007%2FBFb0016247"><img alt="Crossref API" class="icon" src="https://dblp.uni-trier.de/img/crossref.dark.16x16.png" title="Crossref API"/></a><a href="https://api.openalex.org/works/doi:10.1007%2FBFb0016247"><img alt="OpenAlex API" class="icon" src="https://dblp.uni-trier.de/img/openalex.dark.16x16.png" title="OpenAlex API"/></a></li></ul><span class="Z3988" title="ctx_ver=Z39.88-2004&amp;rfr_id=info%3Asid%2Fdblp.org%3Aconf/mfcs/Cazanesu86&amp;rft.au=Virgil+Emil+Cazanescu&amp;rft.atitle=Iterative+Systems+of+Equations.&amp;rft.btitle=MFCS&amp;rft.date=1986&amp;rft.pages=239-246&amp;rft_id=info%3Adoi%2F10.1007%2FBFb0016247&amp;rft_val_fmt=info%3Aofi%2Ffmt%3Akev%3Amtx%3Ajournal"><span style="display:none;"> </span></span></div></li><li class="drop-down"><div class="head"><a href="https://dblp.uni-trier.de/rec/conf/mfcs/Cazanesu86.html?view=bibtex"><img alt="" class="icon" src="https://dblp.uni-trier.de/img/download.dark.hollow.16x16.png"/></a></div><div class="body"><p><b>export record</b></p><ul><li><a href="https://dblp.uni-trier.de/rec/conf/mfcs/Cazanesu86.html?view=bibtex"><img alt="" class="icon" src="https://dblp.uni-trier.de/img/bibtex.dark.16x16.png"/>BibTeX</a></li><li><a href="https://dblp.uni-trier.de/rec/conf/mfcs/Cazanesu86.ris"><img alt="" class="icon" src="https://dblp.uni-trier.de/img/endnote.dark.16x16.png"/>RIS</a></li><li><a href="https://dblp.uni-trier.de/rec/conf/mfcs/Cazanesu86.nt"><img alt="" class="icon" src="https://dblp.uni-trier.de/img/rdf.dark.16x16.png"/>RDF N-Triples</a></li><li><a href="https://dblp.uni-trier.de/rec/conf/mfcs/Cazanesu86.ttl"><img alt="" class="icon" src="https://dblp.uni-trier.de/img/rdf.dark.16x16.png"/>RDF Turtle</a></li><li><a href="https://dblp.uni-trier.de/rec/conf/mfcs/Cazanesu86.rdf"><img alt="" class="icon" src="https://dblp.uni-trier.de/img/rdf.dark.16x16.png"/>RDF/XML</a></li><li><a href="https://dblp.uni-trier.de/rec/conf/mfcs/Cazanesu86.xml"><img alt="" class="icon" src="https://dblp.uni-trier.de/img/xml.dark.16x16.png"/>XML</a></li></ul><p><em>dblp key:</em></p><ul class="bullets"><li class="select-on-click"><small>conf/mfcs/Cazanesu86</small></li></ul></div></li><li class="drop-down"><div class="head"><a href="https://google.com/search?q=Iterative+Systems+of+Equations."><img alt="" class="icon" src="https://dblp.uni-trier.de/img/search-external.dark.hollow.16x16.png"/></a></div><div class="body"><p><b>ask others</b></p><ul><li><a href="https://google.com/search?q=Iterative+Systems+of+Equations."><img alt="" class="icon" src="https://dblp.uni-trier.de/img/google.dark.16x16.png"/>Google</a></li><li><a href="https://scholar.google.com/scholar?q=Iterative+Systems+of+Equations."><img alt="" class="icon" src="https://dblp.uni-trier.de/img/google-scholar.dark.16x16.png"/>Google Scholar</a></li><li><a href="https://www.semanticscholar.org/search?q=Iterative+Systems+of+Equations."><img alt="" class="icon" src="https://dblp.uni-trier.de/img/semscholar.dark.16x16.png"/>Semantic Scholar</a></li><li><a href="https://scholar.archive.org/search?q=Iterative+Systems+of+Equations." rel="nofollow"><img alt="" class="icon" src="https://dblp.uni-trier.de/img/internetarchive.dark.16x16.png"/>Internet Archive Scholar</a></li><li><a href="https://citeseerx.ist.psu.edu/search?q=Iterative+Systems+of+Equations."><img alt="" class="icon" src="https://dblp.uni-trier.de/img/citeseer.dark.16x16.png"/>CiteSeerX</a></li></ul></div></li><li class="drop-down"><div class="head"><a href="https://twitter.com/intent/tweet?url=https%3A%2F%2Fdoi.org%2F10.1007%2FBFb0016247&amp;text=%22Iterative+Systems+of+Equations.%22&amp;hashtags=dblp&amp;related=dblp_org"><img alt="" class="icon" src="https://dblp.uni-trier.de/img/link.dark.hollow.16x16.png"/></a></div><div class="body"><p><b>share record</b></p><ul><li><a href="https://twitter.com/intent/tweet?url=https%3A%2F%2Fdoi.org%2F10.1007%2FBFb0016247&amp;text=%22Iterative+Systems+of+Equations.%22&amp;hashtags=dblp&amp;related=dblp_org"><img alt="" class="icon" src="https://dblp.uni-trier.de/img/twitterbird.dark.16x16.png"/>Twitter</a></li><li><a href="https://www.reddit.com/submit?url=https%3A%2F%2Fdoi.org%2F10.1007%2FBFb0016247&amp;title=%22Iterative+Systems+of+Equations.%22"><img alt="" class="icon" src="https://dblp.uni-trier.de/img/reddit.dark.16x16.png"/>Reddit</a></li><li><a href="https://www.bibsonomy.org/editPublication?url=https%3A%2F%2Fdoi.org%2F10.1007%2FBFb0016247"><img alt="" class="icon" src="https://dblp.uni-trier.de/img/bibsonomy.dark.16x16.png"/>BibSonomy</a></li><li><a href="https://www.linkedin.com/shareArticle?mini=true&amp;url=https%3A%2F%2Fdoi.org%2F10.1007%2FBFb0016247&amp;title=%22Iterative+Systems+of+Equations.%22&amp;source=dblp+computer+science+bibliography"><img alt="" class="icon" src="https://dblp.uni-trier.de/img/linkedin.dark.16x16.png"/>LinkedIn</a></li><li><a href="https://www.facebook.com/sharer/sharer.php?u=https%3A%2F%2Fdoi.org%2F10.1007%2FBFb0016247"><img alt="" class="icon" src="https://dblp.uni-trier.de/img/facebook.dark.16x16.png"/>Facebook</a></li></ul><p><em>persistent URL:</em></p><ul class="bullets"><li class="select-on-click"><small>https://dblp.org/rec/conf/mfcs/Cazanesu86</small></li></ul></div></li></ul></nav><cite class="data tts-content" itemprop="headline"><span itemprop="author" itemscope="" itemtype="http://schema.org/Person"><span class="this-person" itemprop="name">Virgil Emil Cazanescu</span></span>:<br/> <span class="title" itemprop="name">Iterative Systems of Equations.</span> <a href="https://dblp.uni-trier.de/db/conf/mfcs/mfcs86.html#Cazanesu86"><span itemprop="isPartOf" itemscope="" itemtype="http://schema.org/BookSeries"><span itemprop="name">MFCS</span></span> <span itemprop="datePublished">1986</span></a>: <span itemprop="pagination">239-246</span><img alt="text to speech" class="tts-button" src="https://dblp.uni-trier.de/img/audio.dark.16x16.png" title="text-to-speech"/></cite><meta content="computer science" property="genre"/></li><li class="year">1985</li><li class="entry article toc" id="journals/tcs/Cazanescu85" itemscope="" itemtype="http://schema.org/ScholarlyArticle"><link href="https://dblp.org/rdf/schema#Publication" itemprop="additionalType"/><div class="box"><img alt="" src="https://dblp.uni-trier.de/img/n.png" title="Journal Articles"/></div><div class="nr" id="j3">[j3]</div><nav class="publ"><ul><li class="drop-down"><div class="head"><a href="https://doi.org/10.1016/0304-3975(85)90058-1"><img alt="" class="icon" itemprop="image" src="https://dblp.uni-trier.de/img/paper-oa.dark.hollow.16x16.png"/></a></div><div class="body"><p><b>view</b></p><ul><li class="ee"><a href="https://doi.org/10.1016/0304-3975(85)90058-1" itemprop="url"><img alt="" class="icon" src="https://dblp.uni-trier.de/img/paper-oa.dark.16x16.png"/>electronic edition via DOI (open access)</a></li><li class="details"><a href="https://dblp.uni-trier.de/rec/journals/tcs/Cazanescu85.html"><img alt="" class="icon" src="https://dblp.uni-trier.de/img/info.dark.16x16.png"/>references &amp; citations</a></li></ul><p><em>authority control:</em></p><ul><li class="wrap"><a href="https://api.crossref.org/works/10.1016%2F0304-3975%2885%2990058-1"><img alt="Crossref API" class="icon" src="https://dblp.uni-trier.de/img/crossref.dark.16x16.png" title="Crossref API"/></a><a href="https://api.openalex.org/works/doi:10.1016%2F0304-3975%2885%2990058-1"><img alt="OpenAlex API" class="icon" src="https://dblp.uni-trier.de/img/openalex.dark.16x16.png" title="OpenAlex API"/></a></li></ul><span class="Z3988" title="ctx_ver=Z39.88-2004&amp;rfr_id=info%3Asid%2Fdblp.org%3Ajournals/tcs/Cazanescu85&amp;rft.au=Virgil+Emil+Cazanescu&amp;rft.atitle=On+Context-Free+Trees.&amp;rft.jtitle=Theor.+Comput.+Sci.&amp;rft.volume=41&amp;rft.date=1985&amp;rft.pages=33-50&amp;rft_id=info%3Adoi%2F10.1016%2F0304-3975%2885%2990058-1&amp;rft_val_fmt=info%3Aofi%2Ffmt%3Akev%3Amtx%3Ajournal"><span style="display:none;"> </span></span></div></li><li class="drop-down"><div class="head"><a href="https://dblp.uni-trier.de/rec/journals/tcs/Cazanescu85.html?view=bibtex"><img alt="" class="icon" src="https://dblp.uni-trier.de/img/download.dark.hollow.16x16.png"/></a></div><div class="body"><p><b>export record</b></p><ul><li><a href="https://dblp.uni-trier.de/rec/journals/tcs/Cazanescu85.html?view=bibtex"><img alt="" class="icon" src="https://dblp.uni-trier.de/img/bibtex.dark.16x16.png"/>BibTeX</a></li><li><a href="https://dblp.uni-trier.de/rec/journals/tcs/Cazanescu85.ris"><img alt="" class="icon" src="https://dblp.uni-trier.de/img/endnote.dark.16x16.png"/>RIS</a></li><li><a href="https://dblp.uni-trier.de/rec/journals/tcs/Cazanescu85.nt"><img alt="" class="icon" src="https://dblp.uni-trier.de/img/rdf.dark.16x16.png"/>RDF N-Triples</a></li><li><a href="https://dblp.uni-trier.de/rec/journals/tcs/Cazanescu85.ttl"><img alt="" class="icon" src="https://dblp.uni-trier.de/img/rdf.dark.16x16.png"/>RDF Turtle</a></li><li><a href="https://dblp.uni-trier.de/rec/journals/tcs/Cazanescu85.rdf"><img alt="" class="icon" src="https://dblp.uni-trier.de/img/rdf.dark.16x16.png"/>RDF/XML</a></li><li><a href="https://dblp.uni-trier.de/rec/journals/tcs/Cazanescu85.xml"><img alt="" class="icon" src="https://dblp.uni-trier.de/img/xml.dark.16x16.png"/>XML</a></li></ul><p><em>dblp key:</em></p><ul class="bullets"><li class="select-on-click"><small>journals/tcs/Cazanescu85</small></li></ul></div></li><li class="drop-down"><div class="head"><a href="https://google.com/search?q=On+Context-Free+Trees."><img alt="" class="icon" src="https://dblp.uni-trier.de/img/search-external.dark.hollow.16x16.png"/></a></div><div class="body"><p><b>ask others</b></p><ul><li><a href="https://google.com/search?q=On+Context-Free+Trees."><img alt="" class="icon" src="https://dblp.uni-trier.de/img/google.dark.16x16.png"/>Google</a></li><li><a href="https://scholar.google.com/scholar?q=On+Context-Free+Trees."><img alt="" class="icon" src="https://dblp.uni-trier.de/img/google-scholar.dark.16x16.png"/>Google Scholar</a></li><li><a href="https://www.semanticscholar.org/search?q=On+Context-Free+Trees."><img alt="" class="icon" src="https://dblp.uni-trier.de/img/semscholar.dark.16x16.png"/>Semantic Scholar</a></li><li><a href="https://scholar.archive.org/search?q=On+Context-Free+Trees." rel="nofollow"><img alt="" class="icon" src="https://dblp.uni-trier.de/img/internetarchive.dark.16x16.png"/>Internet Archive Scholar</a></li><li><a href="https://citeseerx.ist.psu.edu/search?q=On+Context-Free+Trees."><img alt="" class="icon" src="https://dblp.uni-trier.de/img/citeseer.dark.16x16.png"/>CiteSeerX</a></li></ul></div></li><li class="drop-down"><div class="head"><a href="https://twitter.com/intent/tweet?url=https%3A%2F%2Fdoi.org%2F10.1016%2F0304-3975%2885%2990058-1&amp;text=%22On+Context-Free+Trees.%22&amp;hashtags=dblp&amp;related=dblp_org"><img alt="" class="icon" src="https://dblp.uni-trier.de/img/link.dark.hollow.16x16.png"/></a></div><div class="body"><p><b>share record</b></p><ul><li><a href="https://twitter.com/intent/tweet?url=https%3A%2F%2Fdoi.org%2F10.1016%2F0304-3975%2885%2990058-1&amp;text=%22On+Context-Free+Trees.%22&amp;hashtags=dblp&amp;related=dblp_org"><img alt="" class="icon" src="https://dblp.uni-trier.de/img/twitterbird.dark.16x16.png"/>Twitter</a></li><li><a href="https://www.reddit.com/submit?url=https%3A%2F%2Fdoi.org%2F10.1016%2F0304-3975%2885%2990058-1&amp;title=%22On+Context-Free+Trees.%22"><img alt="" class="icon" src="https://dblp.uni-trier.de/img/reddit.dark.16x16.png"/>Reddit</a></li><li><a href="https://www.bibsonomy.org/editPublication?url=https%3A%2F%2Fdoi.org%2F10.1016%2F0304-3975%2885%2990058-1"><img alt="" class="icon" src="https://dblp.uni-trier.de/img/bibsonomy.dark.16x16.png"/>BibSonomy</a></li><li><a href="https://www.linkedin.com/shareArticle?mini=true&amp;url=https%3A%2F%2Fdoi.org%2F10.1016%2F0304-3975%2885%2990058-1&amp;title=%22On+Context-Free+Trees.%22&amp;source=dblp+computer+science+bibliography"><img alt="" class="icon" src="https://dblp.uni-trier.de/img/linkedin.dark.16x16.png"/>LinkedIn</a></li><li><a href="https://www.facebook.com/sharer/sharer.php?u=https%3A%2F%2Fdoi.org%2F10.1016%2F0304-3975%2885%2990058-1"><img alt="" class="icon" src="https://dblp.uni-trier.de/img/facebook.dark.16x16.png"/>Facebook</a></li></ul><p><em>persistent URL:</em></p><ul class="bullets"><li class="select-on-click"><small>https://dblp.org/rec/journals/tcs/Cazanescu85</small></li></ul></div></li></ul></nav><cite class="data tts-content" itemprop="headline"><span itemprop="author" itemscope="" itemtype="http://schema.org/Person"><span class="this-person" itemprop="name">Virgil Emil Cazanescu</span></span>:<br/> <span class="title" itemprop="name">On Context-Free Trees.</span> <a href="https://dblp.uni-trier.de/db/journals/tcs/tcs41.html#Cazanescu85"><span itemprop="isPartOf" itemscope="" itemtype="http://schema.org/Periodical"><span itemprop="name">Theor. Comput. Sci.</span></span> <span itemprop="isPartOf" itemscope="" itemtype="http://schema.org/PublicationVolume"><span itemprop="volumeNumber">41</span></span></a>: <span itemprop="pagination">33-50</span> (<span itemprop="datePublished">1985</span>)<img alt="text to speech" class="tts-button" src="https://dblp.uni-trier.de/img/audio.dark.16x16.png" title="text-to-speech"/></cite><meta content="computer science" property="genre"/></li></ul></div></div><div class="hideable"><header class="hide-head" id="the1970s"><h2>1970 – 1979</h2> <div class="drop-down faq"><div class="head"><a href="https://dblp.uni-trier.de/faq/"><img alt="FAQ" src="https://dblp.uni-trier.de/img/faq-mark.dark.12x12.png"/></a></div><div class="body"><b>see FAQ</b><ul><li><a href="https://dblp.uni-trier.de/faq/1474790">What is the meaning of the colors in the publication lists?</a></li></ul></div></div></header><div class="hide-body"><ul class="publ-list"><li class="year">1979</li><li class="entry article toc" id="journals/dm/CaludeC79" itemscope="" itemtype="http://schema.org/ScholarlyArticle"><link href="https://dblp.org/rdf/schema#Publication" itemprop="additionalType"/><div class="box"><img alt="" src="https://dblp.uni-trier.de/img/n.png" title="Journal Articles"/></div><div class="nr" id="j2">[j2]</div><nav class="publ"><ul><li class="drop-down"><div class="head"><a href="https://doi.org/10.1016/0012-365X(79)90012-8"><img alt="" class="icon" itemprop="image" src="https://dblp.uni-trier.de/img/paper-oa.dark.hollow.16x16.png"/></a></div><div class="body"><p><b>view</b></p><ul><li class="ee"><a href="https://doi.org/10.1016/0012-365X(79)90012-8" itemprop="url"><img alt="" class="icon" src="https://dblp.uni-trier.de/img/paper-oa.dark.16x16.png"/>electronic edition via DOI (open access)</a></li><li class="details"><a href="https://dblp.uni-trier.de/rec/journals/dm/CaludeC79.html"><img alt="" class="icon" src="https://dblp.uni-trier.de/img/info.dark.16x16.png"/>references &amp; citations</a></li></ul><p><em>authority control:</em></p><ul><li class="wrap"><a href="https://api.crossref.org/works/10.1016%2F0012-365X%2879%2990012-8"><img alt="Crossref API" class="icon" src="https://dblp.uni-trier.de/img/crossref.dark.16x16.png" title="Crossref API"/></a><a href="https://api.openalex.org/works/doi:10.1016%2F0012-365X%2879%2990012-8"><img alt="OpenAlex API" class="icon" src="https://dblp.uni-trier.de/img/openalex.dark.16x16.png" title="OpenAlex API"/></a><a href="https://www.wikidata.org/entity/Q57001815" itemprop="sameAs"><img alt="Wikidata" class="icon" src="https://dblp.uni-trier.de/img/wikidata.dark.16x16.png" title="Wikidata"/></a></li></ul><span class="Z3988" title="ctx_ver=Z39.88-2004&amp;rfr_id=info%3Asid%2Fdblp.org%3Ajournals/dm/CaludeC79&amp;rft.au=Cristian+Calude&amp;rft.atitle=On+topologies+generated+by+Moisil+resemblance+relations.&amp;rft.jtitle=Discret.+Math.&amp;rft.volume=25&amp;rft.issue=2&amp;rft.date=1979&amp;rft.pages=109-115&amp;rft_id=info%3Adoi%2F10.1016%2F0012-365X%2879%2990012-8&amp;rft_val_fmt=info%3Aofi%2Ffmt%3Akev%3Amtx%3Ajournal"><span style="display:none;"> </span></span></div></li><li class="drop-down"><div class="head"><a href="https://dblp.uni-trier.de/rec/journals/dm/CaludeC79.html?view=bibtex"><img alt="" class="icon" src="https://dblp.uni-trier.de/img/download.dark.hollow.16x16.png"/></a></div><div class="body"><p><b>export record</b></p><ul><li><a href="https://dblp.uni-trier.de/rec/journals/dm/CaludeC79.html?view=bibtex"><img alt="" class="icon" src="https://dblp.uni-trier.de/img/bibtex.dark.16x16.png"/>BibTeX</a></li><li><a href="https://dblp.uni-trier.de/rec/journals/dm/CaludeC79.ris"><img alt="" class="icon" src="https://dblp.uni-trier.de/img/endnote.dark.16x16.png"/>RIS</a></li><li><a href="https://dblp.uni-trier.de/rec/journals/dm/CaludeC79.nt"><img alt="" class="icon" src="https://dblp.uni-trier.de/img/rdf.dark.16x16.png"/>RDF N-Triples</a></li><li><a href="https://dblp.uni-trier.de/rec/journals/dm/CaludeC79.ttl"><img alt="" class="icon" src="https://dblp.uni-trier.de/img/rdf.dark.16x16.png"/>RDF Turtle</a></li><li><a href="https://dblp.uni-trier.de/rec/journals/dm/CaludeC79.rdf"><img alt="" class="icon" src="https://dblp.uni-trier.de/img/rdf.dark.16x16.png"/>RDF/XML</a></li><li><a href="https://dblp.uni-trier.de/rec/journals/dm/CaludeC79.xml"><img alt="" class="icon" src="https://dblp.uni-trier.de/img/xml.dark.16x16.png"/>XML</a></li></ul><p><em>dblp key:</em></p><ul class="bullets"><li class="select-on-click"><small>journals/dm/CaludeC79</small></li></ul></div></li><li class="drop-down"><div class="head"><a href="https://google.com/search?q=On+topologies+generated+by+Moisil+resemblance+relations."><img alt="" class="icon" src="https://dblp.uni-trier.de/img/search-external.dark.hollow.16x16.png"/></a></div><div class="body"><p><b>ask others</b></p><ul><li><a href="https://google.com/search?q=On+topologies+generated+by+Moisil+resemblance+relations."><img alt="" class="icon" src="https://dblp.uni-trier.de/img/google.dark.16x16.png"/>Google</a></li><li><a href="https://scholar.google.com/scholar?q=On+topologies+generated+by+Moisil+resemblance+relations."><img alt="" class="icon" src="https://dblp.uni-trier.de/img/google-scholar.dark.16x16.png"/>Google Scholar</a></li><li><a href="https://www.semanticscholar.org/search?q=On+topologies+generated+by+Moisil+resemblance+relations."><img alt="" class="icon" src="https://dblp.uni-trier.de/img/semscholar.dark.16x16.png"/>Semantic Scholar</a></li><li><a href="https://scholar.archive.org/search?q=On+topologies+generated+by+Moisil+resemblance+relations." rel="nofollow"><img alt="" class="icon" src="https://dblp.uni-trier.de/img/internetarchive.dark.16x16.png"/>Internet Archive Scholar</a></li><li><a href="https://citeseerx.ist.psu.edu/search?q=On+topologies+generated+by+Moisil+resemblance+relations."><img alt="" class="icon" src="https://dblp.uni-trier.de/img/citeseer.dark.16x16.png"/>CiteSeerX</a></li></ul></div></li><li class="drop-down"><div class="head"><a href="https://twitter.com/intent/tweet?url=https%3A%2F%2Fdoi.org%2F10.1016%2F0012-365X%2879%2990012-8&amp;text=%22On+topologies+generated+by+Moisil+resemblance+relations.%22&amp;hashtags=dblp&amp;related=dblp_org"><img alt="" class="icon" src="https://dblp.uni-trier.de/img/link.dark.hollow.16x16.png"/></a></div><div class="body"><p><b>share record</b></p><ul><li><a href="https://twitter.com/intent/tweet?url=https%3A%2F%2Fdoi.org%2F10.1016%2F0012-365X%2879%2990012-8&amp;text=%22On+topologies+generated+by+Moisil+resemblance+relations.%22&amp;hashtags=dblp&amp;related=dblp_org"><img alt="" class="icon" src="https://dblp.uni-trier.de/img/twitterbird.dark.16x16.png"/>Twitter</a></li><li><a href="https://www.reddit.com/submit?url=https%3A%2F%2Fdoi.org%2F10.1016%2F0012-365X%2879%2990012-8&amp;title=%22On+topologies+generated+by+Moisil+resemblance+relations.%22"><img alt="" class="icon" src="https://dblp.uni-trier.de/img/reddit.dark.16x16.png"/>Reddit</a></li><li><a href="https://www.bibsonomy.org/editPublication?url=https%3A%2F%2Fdoi.org%2F10.1016%2F0012-365X%2879%2990012-8"><img alt="" class="icon" src="https://dblp.uni-trier.de/img/bibsonomy.dark.16x16.png"/>BibSonomy</a></li><li><a href="https://www.linkedin.com/shareArticle?mini=true&amp;url=https%3A%2F%2Fdoi.org%2F10.1016%2F0012-365X%2879%2990012-8&amp;title=%22On+topologies+generated+by+Moisil+resemblance+relations.%22&amp;source=dblp+computer+science+bibliography"><img alt="" class="icon" src="https://dblp.uni-trier.de/img/linkedin.dark.16x16.png"/>LinkedIn</a></li><li><a href="https://www.facebook.com/sharer/sharer.php?u=https%3A%2F%2Fdoi.org%2F10.1016%2F0012-365X%2879%2990012-8"><img alt="" class="icon" src="https://dblp.uni-trier.de/img/facebook.dark.16x16.png"/>Facebook</a></li></ul><p><em>persistent URL:</em></p><ul class="bullets"><li class="select-on-click"><small>https://dblp.org/rec/journals/dm/CaludeC79</small></li></ul></div></li></ul></nav><cite class="data tts-content" itemprop="headline"><span itemprop="author" itemscope="" itemtype="http://schema.org/Person"><a href="https://dblp.uni-trier.de/pid/c/CSCalude.html" itemprop="url"><span itemprop="name" title="Cristian Calude">Cristian Calude</span></a><img alt="" src="https://dblp.uni-trier.de/img/orcid-mark.12x12.png" style="padding-left:0.25em;" title="0000-0002-8711-6799"/></span>, <span itemprop="author" itemscope="" itemtype="http://schema.org/Person"><span class="this-person" itemprop="name">Virgil Emil Cazanescu</span></span>:<br/> <span class="title" itemprop="name">On topologies generated by Moisil resemblance relations.</span> <a href="https://dblp.uni-trier.de/db/journals/dm/dm25.html#CaludeC79"><span itemprop="isPartOf" itemscope="" itemtype="http://schema.org/Periodical"><span itemprop="name">Discret. Math.</span></span> <span itemprop="isPartOf" itemscope="" itemtype="http://schema.org/PublicationVolume"><span itemprop="volumeNumber">25</span></span>(<span itemprop="isPartOf" itemscope="" itemtype="http://schema.org/PublicationIssue"><span itemprop="issueNumber">2</span></span>)</a>: <span itemprop="pagination">109-115</span> (<span itemprop="datePublished">1979</span>)<img alt="text to speech" class="tts-button" src="https://dblp.uni-trier.de/img/audio.dark.16x16.png" title="text-to-speech"/></cite><meta content="computer science" property="genre"/></li><li class="year">1972</li><li class="entry article toc" id="journals/dm/Cazanescu72" itemscope="" itemtype="http://schema.org/ScholarlyArticle"><link href="https://dblp.org/rdf/schema#Publication" itemprop="additionalType"/><div class="box"><img alt="" src="https://dblp.uni-trier.de/img/n.png" title="Journal Articles"/></div><div class="nr" id="j1">[j1]</div><nav class="publ"><ul><li class="drop-down"><div class="head"><a href="https://doi.org/10.1016/0012-365X(72)90078-7"><img alt="" class="icon" itemprop="image" src="https://dblp.uni-trier.de/img/paper-oa.dark.hollow.16x16.png"/></a></div><div class="body"><p><b>view</b></p><ul><li class="ee"><a href="https://doi.org/10.1016/0012-365X(72)90078-7" itemprop="url"><img alt="" class="icon" src="https://dblp.uni-trier.de/img/paper-oa.dark.16x16.png"/>electronic edition via DOI (open access)</a></li><li class="details"><a href="https://dblp.uni-trier.de/rec/journals/dm/Cazanescu72.html"><img alt="" class="icon" src="https://dblp.uni-trier.de/img/info.dark.16x16.png"/>references &amp; citations</a></li></ul><p><em>authority control:</em></p><ul><li class="wrap"><a href="https://api.crossref.org/works/10.1016%2F0012-365X%2872%2990078-7"><img alt="Crossref API" class="icon" src="https://dblp.uni-trier.de/img/crossref.dark.16x16.png" title="Crossref API"/></a><a href="https://api.openalex.org/works/doi:10.1016%2F0012-365X%2872%2990078-7"><img alt="OpenAlex API" class="icon" src="https://dblp.uni-trier.de/img/openalex.dark.16x16.png" title="OpenAlex API"/></a></li></ul><span class="Z3988" title="ctx_ver=Z39.88-2004&amp;rfr_id=info%3Asid%2Fdblp.org%3Ajournals/dm/Cazanescu72&amp;rft.au=Virgil+Emil+Cazanescu&amp;rft.atitle=Quelques+propri%C3%A9t%C3%A9s+alg%C3%A9briques+des+automates.&amp;rft.jtitle=Discret.+Math.&amp;rft.volume=2&amp;rft.issue=2&amp;rft.date=1972&amp;rft.pages=97-109&amp;rft_id=info%3Adoi%2F10.1016%2F0012-365X%2872%2990078-7&amp;rft_val_fmt=info%3Aofi%2Ffmt%3Akev%3Amtx%3Ajournal"><span style="display:none;"> </span></span></div></li><li class="drop-down"><div class="head"><a href="https://dblp.uni-trier.de/rec/journals/dm/Cazanescu72.html?view=bibtex"><img alt="" class="icon" src="https://dblp.uni-trier.de/img/download.dark.hollow.16x16.png"/></a></div><div class="body"><p><b>export record</b></p><ul><li><a href="https://dblp.uni-trier.de/rec/journals/dm/Cazanescu72.html?view=bibtex"><img alt="" class="icon" src="https://dblp.uni-trier.de/img/bibtex.dark.16x16.png"/>BibTeX</a></li><li><a href="https://dblp.uni-trier.de/rec/journals/dm/Cazanescu72.ris"><img alt="" class="icon" src="https://dblp.uni-trier.de/img/endnote.dark.16x16.png"/>RIS</a></li><li><a href="https://dblp.uni-trier.de/rec/journals/dm/Cazanescu72.nt"><img alt="" class="icon" src="https://dblp.uni-trier.de/img/rdf.dark.16x16.png"/>RDF N-Triples</a></li><li><a href="https://dblp.uni-trier.de/rec/journals/dm/Cazanescu72.ttl"><img alt="" class="icon" src="https://dblp.uni-trier.de/img/rdf.dark.16x16.png"/>RDF Turtle</a></li><li><a href="https://dblp.uni-trier.de/rec/journals/dm/Cazanescu72.rdf"><img alt="" class="icon" src="https://dblp.uni-trier.de/img/rdf.dark.16x16.png"/>RDF/XML</a></li><li><a href="https://dblp.uni-trier.de/rec/journals/dm/Cazanescu72.xml"><img alt="" class="icon" src="https://dblp.uni-trier.de/img/xml.dark.16x16.png"/>XML</a></li></ul><p><em>dblp key:</em></p><ul class="bullets"><li class="select-on-click"><small>journals/dm/Cazanescu72</small></li></ul></div></li><li class="drop-down"><div class="head"><a href="https://google.com/search?q=Quelques+propri%C3%A9t%C3%A9s+alg%C3%A9briques+des+automates."><img alt="" class="icon" src="https://dblp.uni-trier.de/img/search-external.dark.hollow.16x16.png"/></a></div><div class="body"><p><b>ask others</b></p><ul><li><a href="https://google.com/search?q=Quelques+propri%C3%A9t%C3%A9s+alg%C3%A9briques+des+automates."><img alt="" class="icon" src="https://dblp.uni-trier.de/img/google.dark.16x16.png"/>Google</a></li><li><a href="https://scholar.google.com/scholar?q=Quelques+propri%C3%A9t%C3%A9s+alg%C3%A9briques+des+automates."><img alt="" class="icon" src="https://dblp.uni-trier.de/img/google-scholar.dark.16x16.png"/>Google Scholar</a></li><li><a href="https://www.semanticscholar.org/search?q=Quelques+propri%C3%A9t%C3%A9s+alg%C3%A9briques+des+automates."><img alt="" class="icon" src="https://dblp.uni-trier.de/img/semscholar.dark.16x16.png"/>Semantic Scholar</a></li><li><a href="https://scholar.archive.org/search?q=Quelques+propri%C3%A9t%C3%A9s+alg%C3%A9briques+des+automates." rel="nofollow"><img alt="" class="icon" src="https://dblp.uni-trier.de/img/internetarchive.dark.16x16.png"/>Internet Archive Scholar</a></li><li><a href="https://citeseerx.ist.psu.edu/search?q=Quelques+propri%C3%A9t%C3%A9s+alg%C3%A9briques+des+automates."><img alt="" class="icon" src="https://dblp.uni-trier.de/img/citeseer.dark.16x16.png"/>CiteSeerX</a></li></ul></div></li><li class="drop-down"><div class="head"><a href="https://twitter.com/intent/tweet?url=https%3A%2F%2Fdoi.org%2F10.1016%2F0012-365X%2872%2990078-7&amp;text=%22Quelques+propri%C3%A9t%C3%A9s+alg%C3%A9briques+des+automates.%22&amp;hashtags=dblp&amp;related=dblp_org"><img alt="" class="icon" src="https://dblp.uni-trier.de/img/link.dark.hollow.16x16.png"/></a></div><div class="body"><p><b>share record</b></p><ul><li><a href="https://twitter.com/intent/tweet?url=https%3A%2F%2Fdoi.org%2F10.1016%2F0012-365X%2872%2990078-7&amp;text=%22Quelques+propri%C3%A9t%C3%A9s+alg%C3%A9briques+des+automates.%22&amp;hashtags=dblp&amp;related=dblp_org"><img alt="" class="icon" src="https://dblp.uni-trier.de/img/twitterbird.dark.16x16.png"/>Twitter</a></li><li><a href="https://www.reddit.com/submit?url=https%3A%2F%2Fdoi.org%2F10.1016%2F0012-365X%2872%2990078-7&amp;title=%22Quelques+propri%C3%A9t%C3%A9s+alg%C3%A9briques+des+automates.%22"><img alt="" class="icon" src="https://dblp.uni-trier.de/img/reddit.dark.16x16.png"/>Reddit</a></li><li><a href="https://www.bibsonomy.org/editPublication?url=https%3A%2F%2Fdoi.org%2F10.1016%2F0012-365X%2872%2990078-7"><img alt="" class="icon" src="https://dblp.uni-trier.de/img/bibsonomy.dark.16x16.png"/>BibSonomy</a></li><li><a href="https://www.linkedin.com/shareArticle?mini=true&amp;url=https%3A%2F%2Fdoi.org%2F10.1016%2F0012-365X%2872%2990078-7&amp;title=%22Quelques+propri%C3%A9t%C3%A9s+alg%C3%A9briques+des+automates.%22&amp;source=dblp+computer+science+bibliography"><img alt="" class="icon" src="https://dblp.uni-trier.de/img/linkedin.dark.16x16.png"/>LinkedIn</a></li><li><a href="https://www.facebook.com/sharer/sharer.php?u=https%3A%2F%2Fdoi.org%2F10.1016%2F0012-365X%2872%2990078-7"><img alt="" class="icon" src="https://dblp.uni-trier.de/img/facebook.dark.16x16.png"/>Facebook</a></li></ul><p><em>persistent URL:</em></p><ul class="bullets"><li class="select-on-click"><small>https://dblp.org/rec/journals/dm/Cazanescu72</small></li></ul></div></li></ul></nav><cite class="data tts-content" itemprop="headline"><span itemprop="author" itemscope="" itemtype="http://schema.org/Person"><span class="this-person" itemprop="name">Virgil Emil Cazanescu</span></span>:<br/> <span class="title" itemprop="name">Quelques propriétés algébriques des automates.</span> <a href="https://dblp.uni-trier.de/db/journals/dm/dm2.html#Cazanescu72"><span itemprop="isPartOf" itemscope="" itemtype="http://schema.org/Periodical"><span itemprop="name">Discret. Math.</span></span> <span itemprop="isPartOf" itemscope="" itemtype="http://schema.org/PublicationVolume"><span itemprop="volumeNumber">2</span></span>(<span itemprop="isPartOf" itemscope="" itemtype="http://schema.org/PublicationIssue"><span itemprop="issueNumber">2</span></span>)</a>: <span itemprop="pagination">97-109</span> (<span itemprop="datePublished">1972</span>)<img alt="text to speech" class="tts-button" src="https://dblp.uni-trier.de/img/audio.dark.16x16.png" title="text-to-speech"/></cite><meta content="computer science" property="genre"/></li></ul></div></div></div><div class="clear-both"></div><!-- coauthor side panel --><div class="panel js-only" id="coauthor-side-panel"></div>
<!-- coauthor index --><div class="section" id="coauthor-section"><div class="hideable"><header class="hide-head" id="coauthors"><h2>Coauthor Index</h2> <div class="drop-down faq"><div class="head"><a href="https://dblp.uni-trier.de/faq/"><img alt="FAQ" src="https://dblp.uni-trier.de/img/faq-mark.dark.12x12.png"/></a></div><div class="body"><b>see FAQ</b><ul><li><a href="https://dblp.uni-trier.de/faq/1474792">What is the meaning of the colors in the coauthor index?</a></li><li><a href="https://dblp.uni-trier.de/faq/8388649">How does dblp detect coauthor communities?</a></li></ul></div></div></header><div class="index hide-body hidden"><div><div><a href="https://dblp.uni-trier.de/pid/73/3769.html?view=joint¶m=1" title="show joint publications">1</a></div><div class="col-boxes" data-col="0"><a href="https://dblp.uni-trier.de/pid/73/3769.html?view=group¶m=1"><img alt="1" class="col-0" src="https://dblp.uni-trier.de/img/n.png" title="show coauthor community: group 1"/></a></div><div class="person"><a href="https://dblp.uni-trier.de/pid/c/CSCalude.html">Cristian S. Calude</a><br/><small>aka: Cristian Calude</small></div><div><a href="#j2">[j2]</a> </div></div><div><div><a href="https://dblp.uni-trier.de/pid/73/3769.html?view=joint¶m=2" title="show joint publications">2</a></div><div class="col-boxes" data-col="-1"><div></div></div><div class="person"><a href="https://dblp.uni-trier.de/pid/49/2866.html">Rodica Ceterchi</a></div><div><a href="#j7">[j7]</a> </div></div><div><div><a href="https://dblp.uni-trier.de/pid/73/3769.html?view=joint¶m=3" title="show joint publications">3</a></div><div class="col-boxes" data-col="-1"><div></div></div><div class="person"><a href="https://dblp.uni-trier.de/pid/k/ManfredKudlek.html">Manfred Kudlek</a></div><div><a href="#c5">[c5]</a> </div></div><div><div><a href="https://dblp.uni-trier.de/pid/73/3769.html?view=joint¶m=4" title="show joint publications">4</a></div><div class="col-boxes" data-col="0"><a href="https://dblp.uni-trier.de/pid/73/3769.html?view=group¶m=1"><img alt="1" class="col-0" src="https://dblp.uni-trier.de/img/n.png" title="show coauthor community: group 1"/></a></div><div class="person"><a href="https://dblp.uni-trier.de/pid/r/GrigoreRosu.html">Grigore Rosu</a></div><div><a href="#j10">[j10]</a> <a href="#j9">[j9]</a> </div></div><div><div><a href="https://dblp.uni-trier.de/pid/73/3769.html?view=joint¶m=5" title="show joint publications">5</a></div><div class="col-boxes" data-col="0"><a href="https://dblp.uni-trier.de/pid/73/3769.html?view=group¶m=1"><img alt="1" class="col-0" src="https://dblp.uni-trier.de/img/n.png" title="show coauthor community: group 1"/></a></div><div class="person"><a href="https://dblp.uni-trier.de/pid/91/5802.html">Gheorghe Stefanescu</a></div><div><a href="#j8">[j8]</a> <a href="#p1">[p1]</a> <a href="#j6">[j6]</a> <a href="#j5">[j5]</a> <a href="#j4">[j4]</a> </div></div></div></div></div>
<!-- top container --><div id="top"><div class="credit"><div>a service of  <a href="https://www.dagstuhl.de/en/"><img alt="Schloss Dagstuhl - Leibniz Center for Informatics" src="https://dblp.uni-trier.de/img/lzi-logo-small.180x30.png" title="Schloss Dagstuhl - Leibniz Center for Informatics"/></a></div></div><nav class="top"><ul><li class="drop-down"><div class="head"><a href="https://dblp.uni-trier.de">home</a></div><div class="body"><ul><li><a href="https://blog.dblp.org">blog</a></li><li><a href="https://dblp.uni-trier.de/statistics/">statistics</a></li></ul></div></li><li class="drop-down"><div class="head"><a href="https://dblp.uni-trier.de/db/">browse</a></div><div class="body"><ul><li><a href="https://dblp.uni-trier.de/pers/">persons</a></li><li><a href="https://dblp.uni-trier.de/db/conf/">conferences</a></li><li><a href="https://dblp.uni-trier.de/db/journals/">journals</a></li><li><a href="https://dblp.uni-trier.de/db/series/">series</a></li></ul></div></li><li class="drop-down"><div class="head"><a href="https://dblp.uni-trier.de/search/">search</a></div><div class="body"><ul><li><a href="https://dblp.uni-trier.de/search/">search dblp</a></li><li><a href="https://dblp.uni-trier.de/lookup/">lookup by ID</a></li></ul></div></li><li class="drop-down"><div class="head"><a href="https://dblp.uni-trier.de/db/about/">about</a></div><div class="body"><ul><li><a href="https://dblp.uni-trier.de/faq/">f.a.q.</a></li><li><a href="https://dblp.uni-trier.de/db/about/team.html">team</a></li><li><a href="https://dblp.uni-trier.de/db/about/copyright.html">license</a></li><li><a href="https://dblp.uni-trier.de/db/about/privacy.html">privacy</a></li><li><a href="https://dblp.uni-trier.de/db/about/imprint.html">imprint</a></li></ul></div></li></ul></nav>
</div><!-- settings menu --><div class="js-only" id="settings"><div class="drop-down"><div class="head"><img alt="" class="icon" src="https://dblp.uni-trier.de/img/cog.dark.24x24.png"/></div><div class="body"><p><b>manage site settings</b></p><div class="scrollbox"><p>To protect your privacy, all features that rely on external API calls from your browser are <em>turned off by default</em>. You need to opt-in for them to become active. All settings here will be stored as cookies with your web browser. For more information <a href="https://dblp.uni-trier.de/faq/15696107">see our F.A.Q.</a></p><div class="medskip"></div><div class="unpaywall-settings hideable hidden"><p class="hide-head"><em>Unpaywalled article links</em></p><div class="hide-body"><p>Add open access links from <a href="https://unpaywall.org"><img alt="unpaywall.org" src="https://dblp.uni-trier.de/img/unpaywall-logo.80x16.png" style="vertical-align:-5px;"/></a> to the list of external document links (if available).</p><p class="unpaywall-load load-button"><input type="checkbox"/><a><strong>load links from unpaywall.org</strong></a></p><p><small>Privacy notice: By enabling the option above, your browser will contact the API of <em>unpaywall.org</em> to load hyperlinks to open access articles. Although we do not have any reason to believe that your call will be tracked, we do not have any control over how the remote server uses your data. So please proceed with care and consider checking the <a href="http://unpaywall.org/legal/privacy">Unpaywall privacy policy</a>.</small></p></div></div><div class="archive-settings hideable hidden"><p class="hide-head"><em>Archived links via Wayback Machine</em></p><div class="hide-body"><p>For web page which are no longer available, try to retrieve content from the <a href="https://web.archive.org"><img alt="web.archive.org" src="https://dblp.uni-trier.de/img/wayback-logo.72x14.png" style="vertical-align:-2px;"/></a> of the Internet Archive (if available).</p><p class="archive-load load-button"><input type="checkbox"/><a><strong>load content from web.archive.org</strong></a></p><p><small>Privacy notice: By enabling the option above, your browser will contact the API of <em>web.archive.org</em> to check for archived content of web pages that are no longer available. Although we do not have any reason to believe that your call will be tracked, we do not have any control over how the remote server uses your data. So please proceed with care and consider checking the <a href="https://archive.org/about/terms.php">Internet Archive privacy policy</a>.</small></p></div></div><div class="references-settings hideable hidden"><p class="hide-head"><em>Reference lists</em></p><div class="hide-body"><p>Add a list of references from <a href="https://crossref.org"><img alt="crossref.org" src="https://dblp.uni-trier.de/img/crossref-logo.60x15.png" style="vertical-align:-2px;"/></a>, <a href="https://opencitations.net"><img alt="opencitations.net" src="https://dblp.uni-trier.de/img/opencitations-logo.110x14.png" style="vertical-align:-2px;"/></a>, and <a href="https://semanticscholar.org"><img alt="semanticscholar.org" src="https://dblp.uni-trier.de/img/semanticscholar-logo.128x16.png" style="vertical-align:-4px;"/></a> to record detail pages.</p><p class="references-load load-button"><input type="checkbox"/><a><strong>load references from crossref.org and opencitations.net</strong></a></p><p><small>Privacy notice: By enabling the option above, your browser will contact the APIs of <em>crossref.org</em>, <em>opencitations.net</em>, and <em>semanticscholar.org</em> to load article reference information. Although we do not have any reason to believe that your call will be tracked, we do not have any control over how the remote server uses your data. So please proceed with care and consider checking the <a href="https://www.crossref.org/privacy/">Crossref privacy policy</a> and the <a href="https://opencitations.net/about">OpenCitations privacy policy</a>, as well as the <a href="https://allenai.org/privacy-policy">AI2 Privacy Policy</a> covering Semantic Scholar.</small></p></div></div><div class="citations-settings hideable hidden"><p class="hide-head"><em>Citation data</em></p><div class="hide-body"><p>Add a list of citing articles from <a href="https://opencitations.net"><img alt="opencitations.net" src="https://dblp.uni-trier.de/img/opencitations-logo.110x14.png" style="vertical-align:-2px;"/></a> and <a href="https://semanticscholar.org"><img alt="semanticscholar.org" src="https://dblp.uni-trier.de/img/semanticscholar-logo.128x16.png" style="vertical-align:-4px;"/></a> to record detail pages.</p><p class="citations-load load-button"><input type="checkbox"/><a><strong>load citations from opencitations.net</strong></a></p><p><small>Privacy notice: By enabling the option above, your browser will contact the API of <em>opencitations.net</em> and <em>semanticscholar.org</em> to load citation information. Although we do not have any reason to believe that your call will be tracked, we do not have any control over how the remote server uses your data. So please proceed with care and consider checking the <a href="https://opencitations.net/about">OpenCitations privacy policy</a> as well as the <a href="https://allenai.org/privacy-policy">AI2 Privacy Policy</a> covering Semantic Scholar.</small></p></div></div><div class="openalex-settings hideable hidden"><p class="hide-head"><em>OpenAlex data</em></p><div class="hide-body"><p>Load additional information about publications from <a href="https://openalex.org"><img alt="openalex.org" src="https://dblp.uni-trier.de/img/openalex-logo.69x18.png" style="vertical-align:-2px;"/></a>.<p class="openalex-load load-button"><input type="checkbox"/><a><strong>load data from openalex.org</strong></a></p><p><small>Privacy notice: By enabling the option above, your browser will contact the API of <em>openalex.org</em> to load additional information. Although we do not have any reason to believe that your call will be tracked, we do not have any control over how the remote server uses your data. So please proceed with care and consider checking the information given by <a href="https://openalex.org/about">OpenAlex</a>.</small></p></p></div></div><div class="tweets-settings hideable hidden"><p class="hide-head"><em>Tweets on dblp homepage</em></p><div class="hide-body"><p>Show tweets from <a href="https://twitter.com"><img alt="twitter.com" src="https://dblp.uni-trier.de/img/twitter-logo.75x14.png" style="vertical-align:-1px;"/></a> on the dblp homepage.</p><p class="tweets-load load-button"><input type="checkbox"/><a><strong>load tweets from twitter.com</strong></a></p><p><small>Privacy notice: By enabling the option above, your browser will contact <em>twitter.com</em> and <em>twimg.com</em> to load tweets curated by our Twitter account. At the same time, Twitter will persistently store several cookies with your web browser. While we did signal Twitter to not track our users by setting the <a href="https://dev.twitter.com/web/overview/privacy">"dnt" flag</a>, we do not have any control over how Twitter uses your data. So please proceed with care and consider checking the <a href="https://www.twitter.com/privacy">Twitter privacy policy</a>.</small></p></div></div></div></div></div></div><!-- footer --><div class="clear-both"></div><div id="footer"><div class="info"><p><a href="https://validator.w3.org/nu/?doc=https%3A%2F%2Fdblp.uni-trier.de%2Fpid%2F73%2F3769.html&amp;showoutline=yes&amp;checkerrorpages=yes"> <img alt="w3c valid html" src="https://dblp.uni-trier.de/img/w3c-valid-html.80x15.gray.png"/></a> last updated on 2022-11-14 23:13 CET by the <a href="https://dblp.uni-trier.de/db/about/team.html">dblp team</a></p><p><a href="https://creativecommons.org/publicdomain/zero/1.0/"><img alt="cc zero" src="https://dblp.uni-trier.de/img/cc0.80x15.black.png"/></a> all metadata released as <a href="https://opendefinition.org/">open data</a> under <a href="https://creativecommons.org/publicdomain/zero/1.0/">CC0 1.0 license </a></p><p>see also: <a href="https://dblp.uni-trier.de/db/about/copyright.html">Terms of Use</a> | <a href="https://dblp.uni-trier.de/db/about/privacy.html">Privacy Policy</a> | <a href="https://dblp.uni-trier.de/db/about/imprint.html">Imprint</a></p></div><div class="funders"><p>dblp has been originally created in 1993 at:</p><a href="https://www.uni-trier.de/en/"><img alt="University of Trier" src="https://dblp.uni-trier.de/img/utr-logo-bottom.png" style="height:32px"/></a>   </div><div class="funders"><p>since 2018, dblp is operated and maintained by:</p><a href="https://www.dagstuhl.de/en/"><img alt="Schloss Dagstuhl - Leibniz Center for Informatics" src="https://dblp.uni-trier.de/img/lzi-logo-bottom.png" style="height:40px"/></a>   </div><div class="funders"><p>the dblp computer science bibliography is funded and supported by:</p><a href="https://www.bmbf.de/bmbf/en/home/"><img alt="BMBF" src="https://dblp.uni-trier.de/img/bmbf-logo-bottom.png"/></a>   <a href="https://mwg.rlp.de/"><img alt="RLP" src="https://dblp.uni-trier.de/img/rlp-logo-bottom.png"/></a>   <a href="https://www.saarland.de/stk/DE/home/home_node.html"><img alt="SL" src="https://dblp.uni-trier.de/img/sl-logo-bottom.png"/></a>   <a href="https://www.leibniz-gemeinschaft.de/en/"><img alt="Leibniz" src="https://dblp.uni-trier.de/img/leibniz-logo-bottom.png"/></a>   <a href="https://www.dfg.de/en/"><img alt="DFG" src="https://dblp.uni-trier.de/img/dfg-logo-bottom.png"/></a>   <a href="https://www.nfdi.de/?lang=en"><img alt="NFDI" src="https://dblp.uni-trier.de/img/nfdi-logo-bottom.png"/></a>   </div></div>
</div>
<script src="https://dblp.uni-trier.de/js/dblp-2021-09-15.min.js"></script><script src="https://dblp.uni-trier.de/js/dblp-search-2020-08-18.min.js"></script><script src="https://dblp.uni-trier.de/js/dblp-authorpage-2022-10-31.min.js"></script><script src="https://dblp.uni-trier.de/js/dblp-ui-2022-01-27.min.js"></script></link></body>
</html>
